//
// rosenbrock.fixed.history.fbar.txt--
//   History of the function value average during Nelder-Mead algorithm.
//
// Copyright (C) 2008-2009 - INRIA - Michael Baudin
//
history = [
0 1.095833e+004
0 1.095833e+004
1 1.095833e+004
2 9.831672e+003
3 9.035590e+003
4 8.016591e+003
5 7.299587e+003
6 6.388247e+003
7 5.750322e+003
8 4.946639e+003
9 4.387793e+003
10 3.691768e+003
11 3.212000e+003
12 2.623633e+003
13 2.222944e+003
14 1.742234e+003
15 1.420625e+003
16 1.047573e+003
17 8.050417e+002
18 5.396472e+002
19 3.761952e+002
20 2.184584e+002
21 1.340852e+002
22 8.400610e+001
23 7.871178e+001
24 6.633892e+001
25 4.943542e+001
26 4.461691e+001
27 4.341508e+001
28 4.133672e+001
29 3.962772e+001
30 3.926530e+001
31 3.824133e+001
32 3.802633e+001
33 3.734488e+001
34 3.643189e+001
35 3.564642e+001
36 3.507595e+001
37 3.418645e+001
38 3.395850e+001
39 3.296497e+001
40 3.264594e+001
41 3.199494e+001
42 3.121641e+001
43 3.046138e+001
44 3.002537e+001
45 2.916632e+001
46 2.907283e+001
47 2.810974e+001
48 2.768669e+001
49 2.706612e+001
50 2.642206e+001
51 2.569747e+001
52 2.539593e+001
53 2.456731e+001
54 2.448677e+001
55 2.400067e+001
56 2.314856e+001
57 2.255843e+001
58 2.204884e+001
59 2.135469e+001
60 2.118761e+001
61 2.038943e+001
62 2.020487e+001
63 1.974921e+001
64 1.903156e+001
65 1.847188e+001
66 1.809675e+001
67 1.743303e+001
68 1.740043e+001
69 1.663268e+001
70 1.634410e+001
71 1.591888e+001
72 1.533570e+001
73 1.480645e+001
74 1.456579e+001
75 1.393251e+001
76 1.344842e+001
77 1.341957e+001
78 1.321837e+001
79 1.293439e+001
80 1.270719e+001
81 1.250884e+001
82 1.225563e+001
83 1.214291e+001
84 1.186369e+001
85 1.180883e+001
86 1.161525e+001
87 1.136488e+001
88 1.114529e+001
89 1.098055e+001
90 1.073496e+001
91 1.065585e+001
92 1.038424e+001
93 1.030338e+001
94 1.011740e+001
95 9.900656e+000
96 9.688672e+000
97 9.557555e+000
98 9.319565e+000
99 9.274077e+000
100 9.010081e+000
101 8.903209e+000
102 8.724842e+000
103 8.541712e+000
104 8.337338e+000
105 8.239837e+000
106 8.009458e+000
107 7.988215e+000
108 7.843465e+000
109 7.608321e+000
110 7.437564e+000
111 7.288050e+000
112 7.091287e+000
113 7.027402e+000
114 6.804632e+000
115 6.757383e+000
116 6.620243e+000
117 6.418715e+000
118 6.255568e+000
119 6.139671e+000
120 5.950517e+000
121 5.920249e+000
122 5.705089e+000
123 5.631833e+000
124 5.502303e+000
125 5.334392e+000
126 5.178855e+000
127 5.096574e+000
128 4.915030e+000
129 4.782395e+000
130 4.774627e+000
131 4.712716e+000
132 4.630663e+000
133 4.562250e+000
134 4.501604e+000
135 4.426689e+000
136 4.387451e+000
137 4.306035e+000
138 4.291766e+000
139 4.231756e+000
140 4.158108e+000
141 4.091597e+000
142 4.039356e+000
143 3.966343e+000
144 3.935509e+000
145 3.855995e+000
146 3.835224e+000
147 3.777118e+000
148 3.711873e+000
149 3.647265e+000
150 3.603427e+000
151 3.532318e+000
152 3.509888e+000
153 3.432276e+000
154 3.405004e+000
155 3.348799e+000
156 3.291959e+000
157 3.229253e+000
158 3.193820e+000
159 3.124613e+000
160 3.118747e+000
161 3.070947e+000
162 3.001104e+000
163 2.946802e+000
164 2.898365e+000
165 2.837562e+000
166 2.810533e+000
167 2.743228e+000
168 2.730861e+000
169 2.684964e+000
170 2.623524e+000
171 2.571125e+000
172 2.531093e+000
173 2.472192e+000
174 2.453567e+000
175 2.388164e+000
176 2.369296e+000
177 2.325301e+000
178 2.272265e+000
179 2.221768e+000
180 2.190140e+000
181 2.133142e+000
182 2.122921e+000
183 2.059421e+000
184 2.034051e+000
185 1.991958e+000
186 1.947327e+000
187 1.898733e+000
188 1.875508e+000
189 1.820413e+000
190 1.816450e+000
191 1.782761e+000
192 1.725127e+000
193 1.684936e+000
194 1.648709e+000
195 1.602017e+000
196 1.587197e+000
197 1.534004e+000
198 1.523540e+000
199 1.491754e+000
200 1.442523e+000
201 1.404235e+000
202 1.376412e+000
203 1.331623e+000
204 1.325207e+000
205 1.273916e+000
206 1.256950e+000
207 1.227066e+000
208 1.186240e+000
209 1.149854e+000
210 1.130435e+000
211 1.087548e+000
212 1.055639e+000
213 1.054371e+000
214 1.040143e+000
215 1.020205e+000
216 1.004351e+000
217 9.897657e-001
218 9.722865e-001
219 9.630525e-001
220 9.439480e-001
221 9.410546e-001
222 9.273019e-001
223 9.094653e-001
224 8.940871e-001
225 8.816023e-001
226 8.645988e-001
227 8.574658e-001
228 8.388369e-001
229 8.343181e-001
230 8.210410e-001
231 8.053054e-001
232 7.904029e-001
233 7.800191e-001
234 7.634912e-001
235 7.584593e-001
236 7.403059e-001
237 7.341618e-001
238 7.213603e-001
239 7.077257e-001
240 6.932988e-001
241 6.850161e-001
242 6.689638e-001
243 6.681715e-001
244 6.574710e-001
245 6.405856e-001
246 6.282597e-001
247 6.167262e-001
248 6.027749e-001
249 5.965932e-001
250 5.810165e-001
251 5.785988e-001
252 5.683739e-001
253 5.535895e-001
254 5.417393e-001
255 5.323068e-001
256 5.188311e-001
257 5.147504e-001
258 4.996493e-001
259 4.956062e-001
260 4.858570e-001
261 4.731736e-001
262 4.617990e-001
263 4.544675e-001
264 4.414675e-001
265 4.394878e-001
266 4.248624e-001
267 4.191938e-001
268 4.099202e-001
269 3.993379e-001
270 3.884389e-001
271 3.832084e-001
272 3.706840e-001
273 3.703673e-001
274 3.631947e-001
275 3.493616e-001
276 3.405636e-001
277 3.320823e-001
278 3.216589e-001
279 3.185294e-001
280 3.064806e-001
281 3.045385e-001
282 2.978416e-001
283 2.861094e-001
284 2.777871e-001
285 2.714068e-001
286 2.614590e-001
287 2.604306e-001
288 2.488574e-001
289 2.452899e-001
290 2.390686e-001
291 2.294375e-001
292 2.215907e-001
293 2.173115e-001
294 2.078393e-001
295 2.004868e-001
296 1.992788e-001
297 1.946021e-001
298 1.928778e-001
299 1.895392e-001
300 1.861805e-001
301 1.824355e-001
302 1.804147e-001
303 1.762634e-001
304 1.758770e-001
305 1.730636e-001
306 1.688922e-001
307 1.656725e-001
308 1.628391e-001
309 1.592129e-001
310 1.577175e-001
311 1.536850e-001
312 1.528923e-001
313 1.501978e-001
314 1.465517e-001
315 1.434508e-001
316 1.411427e-001
317 1.376355e-001
318 1.366653e-001
319 1.327517e-001
320 1.315527e-001
321 1.289771e-001
322 1.258562e-001
323 1.228742e-001
324 1.210913e-001
325 1.177030e-001
326 1.172581e-001
327 1.134634e-001
328 1.118580e-001
329 1.094013e-001
330 1.068057e-001
331 1.039427e-001
332 1.026850e-001
333 9.941561e-002
334 9.914817e-002
335 9.721673e-002
336 9.380842e-002
337 9.147062e-002
338 8.940027e-002
339 8.665613e-002
340 8.592373e-002
340 8.592373e-002
]
