//
// rosenbrock.fixed.history.fopt.txt--
//   History of the function value optimum during Nelder-Mead algorithm.
//
// Copyright (C) 2008-2009 - INRIA - Michael Baudin
//
history = [
0 1.010000e+004
0 1.010000e+004
1 1.010000e+004
2 8.750429e+003
3 8.256340e+003
4 7.043005e+003
5 6.599417e+003
6 5.522319e+003
7 5.129230e+003
8 4.188368e+003
9 3.845780e+003
10 3.041155e+003
11 2.749066e+003
12 2.080677e+003
13 1.839089e+003
14 1.306937e+003
15 1.115848e+003
16 7.199326e+002
17 5.793442e+002
18 3.196649e+002
19 2.295766e+002
20 1.061338e+002
21 6.654541e+001
22 6.654541e+001
23 6.654541e+001
24 4.222055e+001
25 4.222055e+001
26 4.222055e+001
27 4.222055e+001
28 3.852425e+001
29 3.852425e+001
30 3.852425e+001
31 3.703384e+001
32 3.703384e+001
33 3.647991e+001
34 3.578192e+001
35 3.467743e+001
36 3.467743e+001
37 3.311343e+001
38 3.311343e+001
39 3.178792e+001
40 3.178792e+001
41 3.116041e+001
42 3.070091e+001
43 2.952282e+001
44 2.952282e+001
45 2.812373e+001
46 2.812373e+001
47 2.696313e+001
48 2.696313e+001
49 2.626203e+001
50 2.604102e+001
51 2.478935e+001
52 2.478935e+001
53 2.355517e+001
54 2.355517e+001
55 2.333105e+001
56 2.255947e+001
57 2.178478e+001
58 2.178478e+001
59 2.047701e+001
60 2.047701e+001
61 1.940773e+001
62 1.940773e+001
63 1.911002e+001
64 1.857694e+001
65 1.772866e+001
66 1.772866e+001
67 1.658580e+001
68 1.658580e+001
69 1.568142e+001
70 1.568142e+001
71 1.531013e+001
72 1.501554e+001
73 1.409367e+001
74 1.409367e+001
75 1.311571e+001
76 1.311571e+001
77 1.311571e+001
78 1.297129e+001
79 1.271617e+001
80 1.243410e+001
81 1.237624e+001
82 1.195654e+001
83 1.195654e+001
84 1.153859e+001
85 1.153859e+001
86 1.137578e+001
87 1.118027e+001
88 1.087981e+001
89 1.087981e+001
90 1.044347e+001
91 1.044347e+001
92 1.006676e+001
93 1.006676e+001
94 9.885545e+000
95 9.749664e+000
96 9.430808e+000
97 9.430808e+000
98 9.035695e+000
99 9.035695e+000
100 8.700204e+000
101 8.700204e+000
102 8.500595e+000
103 8.424336e+000
104 8.087084e+000
105 8.087084e+000
106 7.733197e+000
107 7.733197e+000
108 7.652834e+000
109 7.438933e+000
110 7.220927e+000
111 7.204291e+000
112 6.848642e+000
113 6.848642e+000
114 6.535981e+000
115 6.535981e+000
116 6.437221e+000
117 6.282943e+000
118 6.046541e+000
119 6.046541e+000
120 5.715483e+000
121 5.715483e+000
122 5.444048e+000
123 5.444048e+000
124 5.326892e+000
125 5.232237e+000
126 4.977437e+000
127 4.977437e+000
128 4.687606e+000
129 4.687606e+000
130 4.687606e+000
131 4.639334e+000
132 4.565049e+000
133 4.482366e+000
134 4.457397e+000
135 4.340304e+000
136 4.340304e+000
137 4.213148e+000
138 4.213148e+000
139 4.160277e+000
140 4.100898e+000
141 4.013616e+000
142 4.003553e+000
143 3.881861e+000
144 3.881861e+000
145 3.765011e+000
146 3.765011e+000
147 3.707541e+000
148 3.663067e+000
149 3.571186e+000
150 3.571186e+000
151 3.449738e+000
152 3.449738e+000
153 3.343194e+000
154 3.343194e+000
155 3.281125e+000
156 3.251557e+000
157 3.155077e+000
158 3.155077e+000
159 3.043935e+000
160 3.043935e+000
161 3.011677e+000
162 2.947698e+000
163 2.881030e+000
164 2.866368e+000
165 2.765289e+000
166 2.765289e+000
167 2.664453e+000
168 2.664453e+000
169 2.627596e+000
170 2.578523e+000
171 2.507255e+000
172 2.507255e+000
173 2.401821e+000
174 2.401821e+000
175 2.311292e+000
176 2.311292e+000
177 2.269835e+000
178 2.235668e+000
179 2.159801e+000
180 2.159801e+000
181 2.064673e+000
182 2.064673e+000
183 1.984451e+000
184 1.984451e+000
185 1.938396e+000
186 1.919134e+000
187 1.838668e+000
188 1.838668e+000
189 1.753846e+000
190 1.753846e+000
191 1.737603e+000
192 1.683931e+000
193 1.633276e+000
194 1.628920e+000
195 1.543855e+000
196 1.543855e+000
197 1.469340e+000
198 1.469340e+000
199 1.448497e+000
200 1.409731e+000
201 1.354477e+000
202 1.354477e+000
203 1.275363e+000
204 1.275363e+000
205 1.211155e+000
206 1.211155e+000
207 1.185712e+000
208 1.161852e+000
209 1.101999e+000
210 1.101999e+000
211 1.033191e+000
212 1.033191e+000
213 1.033191e+000
214 1.023047e+000
215 1.004377e+000
216 9.856302e-001
217 9.792895e-001
218 9.519398e-001
219 9.519398e-001
220 9.219758e-001
221 9.219758e-001
222 9.106816e-001
223 8.957383e-001
224 8.758414e-001
225 8.732272e-001
226 8.447277e-001
227 8.447277e-001
228 8.173404e-001
229 8.173404e-001
230 8.048964e-001
231 7.936795e-001
232 7.726328e-001
233 7.726328e-001
234 7.440957e-001
235 7.440957e-001
236 7.192851e-001
237 7.192851e-001
238 7.056913e-001
239 6.982008e-001
240 6.760044e-001
241 6.760044e-001
242 6.500439e-001
243 6.500439e-001
244 6.439030e-001
245 6.278099e-001
246 6.130663e-001
247 6.093023e-001
248 5.859561e-001
249 5.859561e-001
250 5.625722e-001
251 5.625722e-001
252 5.552815e-001
253 5.429149e-001
254 5.270215e-001
255 5.269839e-001
256 5.024879e-001
257 5.024879e-001
258 4.816807e-001
259 4.816807e-001
260 4.732402e-001
261 4.646000e-001
262 4.475568e-001
263 4.475568e-001
264 4.255999e-001
265 4.255999e-001
266 4.073693e-001
267 4.073693e-001
268 3.977791e-001
269 3.928653e-001
270 3.746723e-001
271 3.746723e-001
272 3.552920e-001
273 3.552920e-001
274 3.531546e-001
275 3.396381e-001
276 3.288980e-001
277 3.277107e-001
278 3.083679e-001
279 3.083679e-001
280 2.915643e-001
281 2.915643e-001
282 2.882770e-001
283 2.784870e-001
284 2.665972e-001
285 2.665972e-001
286 2.486437e-001
287 2.486437e-001
288 2.344167e-001
289 2.344167e-001
290 2.299797e-001
291 2.239161e-001
292 2.108764e-001
293 2.108764e-001
294 1.954996e-001
295 1.954996e-001
296 1.954996e-001
297 1.892086e-001
298 1.892086e-001
299 1.854836e-001
300 1.838492e-001
301 1.779736e-001
302 1.779736e-001
303 1.713951e-001
304 1.713951e-001
305 1.695333e-001
306 1.657483e-001
307 1.617358e-001
308 1.610331e-001
309 1.548699e-001
310 1.548699e-001
311 1.489357e-001
312 1.489357e-001
313 1.467864e-001
314 1.439330e-001
315 1.396331e-001
316 1.396331e-001
317 1.334114e-001
318 1.334114e-001
319 1.281212e-001
320 1.281212e-001
321 1.256846e-001
322 1.237627e-001
323 1.191754e-001
324 1.191754e-001
325 1.135978e-001
326 1.135978e-001
327 1.089519e-001
328 1.089519e-001
329 1.062277e-001
330 1.052375e-001
331 1.003627e-001
332 1.003627e-001
333 9.542932e-002
334 9.542932e-002
335 9.456841e-002
336 9.142752e-002
337 8.841594e-002
338 8.835734e-002
339 8.319509e-002
340 8.319509e-002
340 8.319509e-002
]
