//
// rosenbrock.fixed.history.sigma.txt--
//   History of the maximum of oriented length during Nelder-Mead algorithm.
//
// Copyright (C) 2008-2009 - INRIA - Michael Baudin
//
history = [
0 1.000000e+000
0 1.000000e+000
1 1.000000e+000
2 1.000000e+000
3 1.000000e+000
4 1.000000e+000
5 1.000000e+000
6 1.000000e+000
7 1.000000e+000
8 1.000000e+000
9 1.000000e+000
10 1.000000e+000
11 1.000000e+000
12 1.000000e+000
13 1.000000e+000
14 1.000000e+000
15 1.000000e+000
16 1.000000e+000
17 1.000000e+000
18 1.000000e+000
19 1.000000e+000
20 1.000000e+000
21 1.000000e+000
22 1.000000e+000
23 1.000000e+000
24 1.000000e+000
25 5.000000e-001
26 2.500000e-001
27 2.500000e-001
28 2.500000e-001
29 1.250000e-001
30 1.250000e-001
31 1.250000e-001
32 1.250000e-001
33 1.250000e-001
34 1.250000e-001
35 1.250000e-001
36 1.250000e-001
37 1.250000e-001
38 1.250000e-001
39 1.250000e-001
40 1.250000e-001
41 1.250000e-001
42 1.250000e-001
43 1.250000e-001
44 1.250000e-001
45 1.250000e-001
46 1.250000e-001
47 1.250000e-001
48 1.250000e-001
49 1.250000e-001
50 1.250000e-001
51 1.250000e-001
52 1.250000e-001
53 1.250000e-001
54 1.250000e-001
55 1.250000e-001
56 1.250000e-001
57 1.250000e-001
58 1.250000e-001
59 1.250000e-001
60 1.250000e-001
61 1.250000e-001
62 1.250000e-001
63 1.250000e-001
64 1.250000e-001
65 1.250000e-001
66 1.250000e-001
67 1.250000e-001
68 1.250000e-001
69 1.250000e-001
70 1.250000e-001
71 1.250000e-001
72 1.250000e-001
73 1.250000e-001
74 1.250000e-001
75 1.250000e-001
76 6.250000e-002
77 6.250000e-002
78 6.250000e-002
79 6.250000e-002
80 6.250000e-002
81 6.250000e-002
82 6.250000e-002
83 6.250000e-002
84 6.250000e-002
85 6.250000e-002
86 6.250000e-002
87 6.250000e-002
88 6.250000e-002
89 6.250000e-002
90 6.250000e-002
91 6.250000e-002
92 6.250000e-002
93 6.250000e-002
94 6.250000e-002
95 6.250000e-002
96 6.250000e-002
97 6.250000e-002
98 6.250000e-002
99 6.250000e-002
100 6.250000e-002
101 6.250000e-002
102 6.250000e-002
103 6.250000e-002
104 6.250000e-002
105 6.250000e-002
106 6.250000e-002
107 6.250000e-002
108 6.250000e-002
109 6.250000e-002
110 6.250000e-002
111 6.250000e-002
112 6.250000e-002
113 6.250000e-002
114 6.250000e-002
115 6.250000e-002
116 6.250000e-002
117 6.250000e-002
118 6.250000e-002
119 6.250000e-002
120 6.250000e-002
121 6.250000e-002
122 6.250000e-002
123 6.250000e-002
124 6.250000e-002
125 6.250000e-002
126 6.250000e-002
127 6.250000e-002
128 6.250000e-002
129 3.125000e-002
130 3.125000e-002
131 3.125000e-002
132 3.125000e-002
133 3.125000e-002
134 3.125000e-002
135 3.125000e-002
136 3.125000e-002
137 3.125000e-002
138 3.125000e-002
139 3.125000e-002
140 3.125000e-002
141 3.125000e-002
142 3.125000e-002
143 3.125000e-002
144 3.125000e-002
145 3.125000e-002
146 3.125000e-002
147 3.125000e-002
148 3.125000e-002
149 3.125000e-002
150 3.125000e-002
151 3.125000e-002
152 3.125000e-002
153 3.125000e-002
154 3.125000e-002
155 3.125000e-002
156 3.125000e-002
157 3.125000e-002
158 3.125000e-002
159 3.125000e-002
160 3.125000e-002
161 3.125000e-002
162 3.125000e-002
163 3.125000e-002
164 3.125000e-002
165 3.125000e-002
166 3.125000e-002
167 3.125000e-002
168 3.125000e-002
169 3.125000e-002
170 3.125000e-002
171 3.125000e-002
172 3.125000e-002
173 3.125000e-002
174 3.125000e-002
175 3.125000e-002
176 3.125000e-002
177 3.125000e-002
178 3.125000e-002
179 3.125000e-002
180 3.125000e-002
181 3.125000e-002
182 3.125000e-002
183 3.125000e-002
184 3.125000e-002
185 3.125000e-002
186 3.125000e-002
187 3.125000e-002
188 3.125000e-002
189 3.125000e-002
190 3.125000e-002
191 3.125000e-002
192 3.125000e-002
193 3.125000e-002
194 3.125000e-002
195 3.125000e-002
196 3.125000e-002
197 3.125000e-002
198 3.125000e-002
199 3.125000e-002
200 3.125000e-002
201 3.125000e-002
202 3.125000e-002
203 3.125000e-002
204 3.125000e-002
205 3.125000e-002
206 3.125000e-002
207 3.125000e-002
208 3.125000e-002
209 3.125000e-002
210 3.125000e-002
211 3.125000e-002
212 1.562500e-002
213 1.562500e-002
214 1.562500e-002
215 1.562500e-002
216 1.562500e-002
217 1.562500e-002
218 1.562500e-002
219 1.562500e-002
220 1.562500e-002
221 1.562500e-002
222 1.562500e-002
223 1.562500e-002
224 1.562500e-002
225 1.562500e-002
226 1.562500e-002
227 1.562500e-002
228 1.562500e-002
229 1.562500e-002
230 1.562500e-002
231 1.562500e-002
232 1.562500e-002
233 1.562500e-002
234 1.562500e-002
235 1.562500e-002
236 1.562500e-002
237 1.562500e-002
238 1.562500e-002
239 1.562500e-002
240 1.562500e-002
241 1.562500e-002
242 1.562500e-002
243 1.562500e-002
244 1.562500e-002
245 1.562500e-002
246 1.562500e-002
247 1.562500e-002
248 1.562500e-002
249 1.562500e-002
250 1.562500e-002
251 1.562500e-002
252 1.562500e-002
253 1.562500e-002
254 1.562500e-002
255 1.562500e-002
256 1.562500e-002
257 1.562500e-002
258 1.562500e-002
259 1.562500e-002
260 1.562500e-002
261 1.562500e-002
262 1.562500e-002
263 1.562500e-002
264 1.562500e-002
265 1.562500e-002
266 1.562500e-002
267 1.562500e-002
268 1.562500e-002
269 1.562500e-002
270 1.562500e-002
271 1.562500e-002
272 1.562500e-002
273 1.562500e-002
274 1.562500e-002
275 1.562500e-002
276 1.562500e-002
277 1.562500e-002
278 1.562500e-002
279 1.562500e-002
280 1.562500e-002
281 1.562500e-002
282 1.562500e-002
283 1.562500e-002
284 1.562500e-002
285 1.562500e-002
286 1.562500e-002
287 1.562500e-002
288 1.562500e-002
289 1.562500e-002
290 1.562500e-002
291 1.562500e-002
292 1.562500e-002
293 1.562500e-002
294 1.562500e-002
295 7.812500e-003
296 7.812500e-003
297 7.812500e-003
298 7.812500e-003
299 7.812500e-003
300 7.812500e-003
301 7.812500e-003
302 7.812500e-003
303 7.812500e-003
304 7.812500e-003
305 7.812500e-003
306 7.812500e-003
307 7.812500e-003
308 7.812500e-003
309 7.812500e-003
310 7.812500e-003
311 7.812500e-003
312 7.812500e-003
313 7.812500e-003
314 7.812500e-003
315 7.812500e-003
316 7.812500e-003
317 7.812500e-003
318 7.812500e-003
319 7.812500e-003
320 7.812500e-003
321 7.812500e-003
322 7.812500e-003
323 7.812500e-003
324 7.812500e-003
325 7.812500e-003
326 7.812500e-003
327 7.812500e-003
328 7.812500e-003
329 7.812500e-003
330 7.812500e-003
331 7.812500e-003
332 7.812500e-003
333 7.812500e-003
334 7.812500e-003
335 7.812500e-003
336 7.812500e-003
337 7.812500e-003
338 7.812500e-003
339 7.812500e-003
340 7.812500e-003
340 7.812500e-003
]
