 801 1516
 1 3.6402 11.76284 5
 2 3.328 10.4804 0
 3 4.91132 9.71708 4
 4 1.43247 9.96129 5
 5 5.97946 7.98538 4
 6 4.09333 8.16162 0
 7 2.77862E-02 8.69896 5
 8 2.27742 7.8638 0
 9 6.90626 5.84907 4
 10 5.34723 6.34128 0
 11 4.82009 6.87224 0
 12 3.51689 7.26221 0
 13 -1.33439 7.21336 5
 14 .1443161 7.0075 0
 15 2.30465 6.16478 0
 16 3.36043 6.44961 0
 17 1.02922 6.15922 0
 18 7.36686 4.41852 4
 19 6.55011 4.81687 0
 20 5.96395 5.27154 0
 21 5.32382 5.15045 0
 22 4.57713 5.94394 0
 23 4.18224 6.5434 0
 24 -2.02359 6.33025 5
 25 -.912838 6.37402 0
 26 .1256743 6.08867 0
 27 1.71283 5.43174 0
 28 2.38583 5.02655 0
 29 3.17081 5.51546 0
 30 3.9533 5.70922 0
 31 .2343398 5.47803 0
 32 .8987209 4.88058 0
 33 7.62583 3.35639 4
 34 6.63749 3.65952 0
 35 5.6123 4.44633 0
 36 4.84216 4.48318 0
 37 4.57287 5.18134 0
 38 -2.43703 5.73561 5
 39 -1.51227 5.7719 0
 40 -.558635 5.71733 0
 41 1.5767 4.68648 0
 42 2.94674 4.69947 0
 43 2.34326 4.16834 0
 44 3.69427 5.03498 0
 45 -.141864 4.93112 0
 46 .1580566 4.28326 0
 47 .9812617 4.15632 0
 48 7.78184 2.50809 4
 49 7.04559 2.83035 0
 50 6.03631 2.75803 0
 51 5.56341 3.56532 0
 52 5.0829 4.04871 0
 53 4.53694 3.9026 0
 54 4.30817 4.54668 0
 55 -2.92001 4.9514 5
 56 -1.75856 4.90681 0
 57 -.883006 4.97573 0
 58 1.65534 3.99895 0
 59 3.01308 4.11613 0
 60 3.56744 4.39268 0
 61 1.8919 3.38714 0
 62 2.74215 3.3328 0
 63 -.548819 4.2822 0
 64 -.261566 3.69325 0
 65 .5127989 3.60033 0
 66 1.1834 3.38654 0
 67 7.87853 1.79091 4
 68 7.21596 2.15035 0
 69 6.50552 2.0525 0
 70 5.78098 1.89818 0
 71 5.25706 2.69779 0
 72 4.74235 3.42041 0
 73 4.05824 4.02469 0
 74 4.06545 3.43654 0
 75 -3.21777 4.39881 5
 76 -2.59055 4.40245 0
 77 -1.79845 4.21898 0
 78 -1.18822 4.28745 0
 79 3.46322 3.68952 0
 80 1.42913 2.82681 0
 81 2.19963 2.65163 0
 82 3.67278 2.87457 0
 83 2.90544 2.17154 0
 84 -.889672 3.76497 0
 85 -.667408 3.15585 0
 86 -1.51733E-02 3.10834 0
 87 .7516537 2.71958 0
 88 7.93729 1.15491 4
 89 7.23473 1.48573 0
 90 6.36426 1.07558 0
 91 5.2909 1.28604 0
 92 4.77444 2.02167 0
 93 4.45731 2.69258 0
 94 -3.48762 3.9237 5
 95 -2.95276 3.92039 0
 96 -2.37882 3.86151 0
 97 -1.86909 3.74248 0
 98 -1.4637 3.71612 0
 99 1.1626 2.30529 0
 100 1.71851 2.21814 0
 101 2.2463 1.89611 0
 102 3.94936 1.93029 0
 103 2.65658 1.43759 0
 104 3.41445 1.32852 0
 105 -1.22008 3.33781 0
 106 -.423257 2.63802 0
 107 -1.09842 2.65286 0
 108 .21667 2.44067 0
 109 .6845471 2.20722 0
 110 7.96907 .5664396 4
 111 7.26807 .6985334 0
 112 6.5 .0 0
 113 5.2 .0 0
 114 4.39951 .9821786 0
 115 -3.75745 3.45807 5
 116 -3.23939 3.47375 0
 117 -2.74277 3.47424 0
 118 -2.17209 3.33135 0
 119 -1.78177 3.30349 0
 120 .9920024 1.9114 0
 121 1.39233 1.89085 0
 122 1.78555 1.67462 0
 123 2.09239 1.36035 0
 124 2.37075 .9082378 0
 125 2.97354 .7561063 0
 126 3.61928 .6404371 0
 127 -1.57834 2.99242 0
 128 -.165607 2.09423 0
 129 -.787933 2.00102 0
 130 -1.53968 2.12372 0
 131 -1.82228 2.45337 0
 132 .2763243 1.9709 0
 133 .6651517 1.82758 0
 134 7.97914 .0 4
 135 7.26807 -.698532 0
 136 6.36426 -1.07557 0
 137 5.2909 -1.28604 0
 138 4.0 .0 0
 139 4.39951 -.982177 0
 140 -3.99559 2.98379 5
 141 -3.47722 3.03564 0
 142 -2.98965 3.08626 0
 143 -2.57874 2.86667 0
 144 -2.00829 2.83651 0
 145 .891421 1.60842 0
 146 1.17616 1.64518 0
 147 1.4658 1.49527 0
 148 1.70847 1.2772 0
 149 1.90646 .9987785 0
 150 2.02119 .5996884 0
 151 2.391 .4414106 0
 152 3.00467 .0 0
 153 2.15301E-02 1.69399 0
 154 -.420138 1.67288 0
 155 -.849485 1.34154 0
 156 -1.32123 1.52209 0
 157 -1.87328 1.54151 0
 158 -2.01726 1.93998 0
 159 -2.2694 2.42714 0
 160 .334178 1.63069 0
 161 .6722608 1.53423 0
 162 7.96907 -.566438 4
 163 7.93729 -1.15491 4
 164 7.23473 -1.48573 0
 165 6.50552 -2.0525 0
 166 5.78098 -1.89818 0
 167 4.77444 -2.02167 0
 168 3.61928 -.640436 0
 169 3.41445 -1.32852 0
 170 3.94936 -1.93029 0
 171 -4.2039 2.50218 5
 172 -3.68466 2.58704 0
 173 -3.17081 2.67497 0
 174 -2.76717 2.26831 0
 175 1.04169 1.4681 0
 176 .8724148 1.36638 0
 177 1.22925 1.35368 0
 178 1.42655 1.19665 0
 179 1.59794 .9878665 0
 180 1.72053 .7244809 0
 181 1.75706 .4385085 0
 182 1.98656 .2808103 0
 183 2.3155 .0 0
 184 2.391 -.441411 0
 185 2.97354 -.756105 0
 186 .1608183 1.37653 0
 187 -.157967 1.42318 0
 188 -.508676 1.16532 0
 189 -.702885 .9696695 0
 190 -1.07121 1.0425 0
 191 -1.55563 1.07401 0
 192 -2.33469 1.56966 0
 193 -2.09253 1.01754 0
 194 -2.43151 2.0142 0
 195 .4047026 1.35943 0
 196 .694836 1.28403 0
 197 7.87853 -1.7909 4
 198 7.21596 -2.15035 0
 199 7.04559 -2.83035 0
 200 6.03631 -2.75802 0
 201 5.25706 -2.69779 0
 202 4.45731 -2.69258 0
 203 2.65658 -1.43759 0
 204 2.90544 -2.17154 0
 205 3.67278 -2.87457 0
 206 -4.37725 2.01256 5
 207 -3.89283 2.15615 0
 208 -3.32325 2.21588 0
 209 -2.9418 1.74838 0
 210 1.01971 1.25626 0
 211 .8646832 1.15961 0
 212 1.18627 1.129 0
 213 1.33886 .9694635 0
 214 1.45399 .7855206 0
 215 1.53757 .5702986 0
 216 1.54703 .3373565 0
 217 1.70684 .1989547 0
 218 1.90209 .0 0
 219 1.98656 -.280809 0
 220 2.02119 -.599687 0
 221 2.37075 -.908236 0
 222 -3.17991E-03 1.22286 0
 223 .2317153 1.09168 0
 224 -.228146 1.08092 0
 225 -.454535 .895419 0
 226 -.607821 .6942303 0
 227 -.895643 .7692745 0
 228 -1.26165 .7702847 0
 229 -1.71872 .7544767 0
 230 -2.73527 1.07615 0
 231 -2.4663 .662132 0
 232 -2.01494 .4393782 0
 233 .5055174 1.12782 0
 234 .7192853 1.0983 0
 235 7.78184 -2.50809 4
 236 7.62583 -3.35638 4
 237 6.63749 -3.65951 0
 238 5.56341 -3.56531 0
 239 4.74235 -3.4204 0
 240 4.06545 -3.43653 0
 241 2.09239 -1.36035 0
 242 2.2463 -1.8961 0
 243 2.19963 -2.65163 0
 244 2.74215 -3.33279 0
 245 3.46322 -3.68951 0
 246 -4.51267 1.51577 5
 247 -3.99513 1.71954 0
 248 -3.49724 1.64541 0
 249 -3.23965 1.08649 0
 250 .9858685 1.06643 0
 251 .8485561 .9882485 0
 252 1.13048 .9417926 0
 253 1.2473 .787486 0
 254 1.32351 .6290937 0
 255 1.38603 .4575971 0
 256 1.3781 .2711929 0
 257 1.49632 .1538513 0
 258 1.62375 .0 0
 259 1.70684 -.198953 0
 260 1.75706 -.438507 0
 261 1.72053 -.724479 0
 262 1.90646 -.998777 0
 263 1.20544E-03 .9388005 0
 264 .3987394 .9309827 0
 265 .2000457 .8130611 0
 266 -.195955 .831004 0
 267 -.385829 .6725705 0
 268 -.496326 .488101 0
 269 -.734165 .4974913 0
 270 -1.08912 .4717954 0
 271 -1.55137 .4262877 0
 272 -3.00539 .561253 0
 273 -2.5 .0 0
 274 -1.8 .0 0
 275 .5975857 .9573565 0
 276 .7378429 .9605755 0
 277 7.36686 -4.41852 4
 278 6.55011 -4.81686 0
 279 5.6123 -4.44633 0
 280 5.0829 -4.04871 0
 281 4.53694 -3.9026 0
 282 4.05824 -4.02468 0
 283 1.70847 -1.2772 0
 284 1.78555 -1.67462 0
 285 1.71851 -2.21814 0
 286 1.42913 -2.8268 0
 287 1.8919 -3.38713 0
 288 3.01308 -4.11613 0
 289 2.34326 -4.16833 0
 290 3.56744 -4.39268 0
 291 -4.61628 1.01422 5
 292 -4.02815 1.21572 0
 293 -3.57932 .6258863 0
 294 .9422603 .9064021 0
 295 .7994182 .8515058 0
 296 1.0689 .7856748 0
 297 1.15861 .6406751 0
 298 1.21379 .505963 0
 299 1.26488 .3745619 0
 300 1.33053 .1319884 0
 301 1.24081 .2309416 0
 302 1.41919 .0 0
 303 1.49632 -.15385 0
 304 1.54703 -.337355 0
 305 1.53757 -.570297 0
 306 1.45399 -.785519 0
 307 1.59794 -.987866 0
 308 -1.58051E-02 .7064436 0
 309 .3944899 .7458981 0
 310 .5503782 .7918515 0
 311 .2619642 .6726225 0
 312 .1294464 .6279096 0
 313 -.166951 .6252347 0
 314 -.317398 .5023053 0
 315 -.386427 .3552457 0
 316 -.548409 .3138349 0
 317 -.764408 .2465941 0
 318 -1.24039 .0 0
 319 -3.5 .0 0
 320 -2.4663 -.66213 0
 321 -2.01494 -.439377 0
 322 -3.00539 -.561252 0
 323 -1.55137 -.426286 0
 324 .6816403 .8166471 0
 325 6.90626 -5.84907 4
 326 5.96395 -5.27153 0
 327 4.84216 -4.48318 0
 328 5.32382 -5.15044 0
 329 4.30817 -4.54668 0
 330 1.42655 -1.19664 0
 331 1.4658 -1.49526 0
 332 1.39233 -1.89084 0
 333 1.1626 -2.30529 0
 334 1.1834 -3.38653 0
 335 .7516537 -2.71958 0
 336 1.65534 -3.99895 0
 337 2.94674 -4.69946 0
 338 1.5767 -4.68647 0
 339 2.38583 -5.02654 0
 340 3.69427 -5.03497 0
 341 -4.66964 .5076444 5
 342 -4.09764 .5711897 0
 343 .8975827 .7624905 0
 344 .7582349 .7191587 0
 345 1.00469 .6460111 0
 346 1.08227 .5191755 0
 347 1.12558 .4027478 0
 348 1.17365 .31369 0
 349 1.25756 .0 0
 350 1.18748 .1115828 0
 351 1.12444 .2060119 0
 352 1.33053 -.131987 0
 353 1.3781 -.271191 0
 354 1.38603 -.457596 0
 355 1.32351 -.629092 0
 356 1.2473 -.787484 0
 357 1.33886 -.969462 0
 358 -8.55255E-03 .5190047 0
 359 .3832564 .6071637 0
 360 .5236296 .6557598 0
 361 .6431623 .6826444 0
 362 .2504149 .5061048 0
 363 .1231291 .4853529 0
 364 -.15705 .4607756 0
 365 -.258781 .3726958 0
 366 -.306358 .2657057 0
 367 -.416314 .2308623 0
 368 -.535699 .1333449 0
 369 -.738809 .0 0
 370 -.764408 -.246593 0
 371 -1.08912 -.471794 0
 372 -4.6758 .0 5
 373 -3.57932 -.625885 0
 374 -4.09764 -.571188 0
 375 -2.73527 -1.07615 0
 376 -2.09253 -1.01754 0
 377 -1.71872 -.754475 0
 378 -3.23965 -1.08649 0
 379 -1.26165 -.770283 0
 380 5.97946 -7.98537 4
 381 5.34723 -6.34127 0
 382 4.57287 -5.18133 0
 383 4.57713 -5.94394 0
 384 1.18627 -1.129 0
 385 1.22925 -1.35368 0
 386 1.17616 -1.64518 0
 387 .9920024 -1.9114 0
 388 .6845471 -2.20722 0
 389 .5127989 -3.60033 0
 390 .9812617 -4.15631 0
 391 .21667 -2.44067 0
 392 -1.51733E-02 -3.10833 0
 393 3.17081 -5.51545 0
 394 1.71283 -5.43174 0
 395 .8987209 -4.88057 0
 396 2.30465 -6.16477 0
 397 3.9533 -5.70922 0
 398 .8533412 .6308683 0
 399 .7218213 .5958523 0
 400 .9460018 .5226851 0
 401 1.01681 .4086089 0
 402 1.0718 .3018279 0
 403 1.12147 .0 0
 404 1.18748 -.111581 0
 405 1.06602 .1009536 0
 406 1.01467 .2024139 0
 407 1.24081 -.23094 0
 408 1.26488 -.37456 0
 409 1.21379 -.505961 0
 410 1.15861 -.640674 0
 411 1.0689 -.785673 0
 412 1.13048 -.941792 0
 413 3.55560E-02 .428485 0
 414 -4.36707E-02 .4012678 0
 415 .396115 .4791623 0
 416 .5056213 .5232939 0
 417 .6100782 .5591459 0
 418 .3086912 .3967604 0
 419 .2019118 .3994993 0
 420 .1055663 .3977201 0
 421 -.139096 .3440443 0
 422 -.218281 .2834456 0
 423 -.331998 .1891067 0
 424 -.254535 .1933241 0
 425 -.382798 .1143127 0
 426 -.449423 .0 0
 427 -.535699 -.133343 0
 428 -.548409 -.313834 0
 429 -.734165 -.49749 0
 430 -.895643 -.769273 0
 431 -4.66964 -.507643 5
 432 -4.02815 -1.21571 0
 433 -4.61628 -1.01422 5
 434 -2.33469 -1.56966 0
 435 -2.9418 -1.74838 0
 436 -1.55563 -1.074 0
 437 -1.87328 -1.5415 0
 438 -3.49724 -1.64541 0
 439 -1.07121 -1.0425 0
 440 4.91132 -9.84733 4
 441 4.82009 -6.87224 0
 442 4.09333 -8.16162 0
 443 4.18224 -6.5434 0
 444 .9858685 -1.06643 0
 445 1.01971 -1.25626 0
 446 1.04169 -1.4681 0
 447 .891421 -1.60842 0
 448 .6651517 -1.82758 0
 449 .2763243 -1.9709 0
 450 -.261566 -3.69325 0
 451 .1580566 -4.28325 0
 452 -.165607 -2.09423 0
 453 -.423257 -2.63802 0
 454 -.667408 -3.15585 0
 455 3.36043 -6.44961 0
 456 1.02922 -6.15921 0
 457 .2343398 -5.47803 0
 458 -.141864 -4.93112 0
 459 2.27742 -7.8638 0
 460 .8109645 .5095853 0
 461 .6902219 .4820845 0
 462 .8914241 .4100629 0
 463 .9585263 .3064391 0
 464 1.06602 -.100952 0
 465 .9999982 .0 3
 466 1.12444 -.20601 0
 467 .9568228 .1061446 0
 468 .9001461 .2073882 0
 469 1.17365 -.313688 0
 470 1.12558 -.402746 0
 471 1.08227 -.519174 0
 472 1.00469 -.64601 0
 473 .8975827 -.762489 0
 474 .9422603 -.906401 0
 475 4.28360E-02 .3224684 0
 476 -5.86533E-02 .2962005 0
 477 .4061597 .3827117 0
 478 .4945279 .4150389 0
 479 .5853955 .4506224 0
 480 .2610304 .3155134 0
 481 .3456237 .3118484 0
 482 .156613 .2958205 0
 483 -.128964 .253279 0
 484 -.186462 .2173918 0
 485 -.268495 .1124373 0
 486 -.18335 .1483871 0
 487 -.269118 .0 0
 488 -.382798 -.114311 0
 489 -.416314 -.230861 0
 490 -.386427 -.355244 0
 491 -.496326 -.488099 0
 492 -.607821 -.694229 0
 493 -.702885 -.969668 0
 494 -4.51267 -1.51577 5
 495 -3.99513 -1.71954 0
 496 -2.43151 -2.0142 0
 497 -2.01726 -1.93998 0
 498 -3.32325 -2.21588 0
 499 -2.76717 -2.26831 0
 500 -1.32123 -1.52209 0
 501 -1.53968 -2.12372 0
 502 -3.89283 -2.15615 0
 503 -.849485 -1.34153 0
 504 3.6402 -11.7628 5
 505 3.328 -10.5672 0
 506 1.43247 -10.0915 5
 507 3.51689 -7.26221 0
 508 .8485561 -.988247 0
 509 .8646832 -1.1596 0
 510 .8724148 -1.36638 0
 511 .6722608 -1.53422 0
 512 .334178 -1.63069 0
 513 2.15301E-02 -1.69399 0
 514 -.889672 -3.76497 0
 515 -.548819 -4.28219 0
 516 -.420138 -1.67288 0
 517 -.787933 -2.00102 0
 518 -1.09842 -2.65286 0
 519 -1.22008 -3.3378 0
 520 .1256743 -6.08867 0
 521 .1443161 -7.00749 0
 522 -.558635 -5.71732 0
 523 -.883006 -4.97572 0
 524 2.77862E-02 -8.69895 5
 525 .7691814 .3984968 0
 526 .6574751 .3774656 0
 527 .8401898 .3053953 0
 528 .9568215 -.106144 0
 529 1.01467 -.202412 0
 530 .8864864 -1.50375E-02 3
 531 .8864864 1.50375E-02 3
 532 1.0718 -.301826 0
 533 .8441705 .1145241 0
 534 .7884731 .2083113 0
 535 1.01681 -.408607 0
 536 .9460018 -.522685 0
 537 .8533412 -.630867 0
 538 .7582349 -.719157 0
 539 .7994182 -.851504 0
 540 7.16278E-02 .2403303 0
 541 -2.59548E-03 .2331923 0
 542 -6.24756E-02 .2110534 0
 543 .4129697 .3112852 0
 544 .4795697 .324678 0
 545 .5596387 .3530775 0
 546 .2348296 .2333526 0
 547 .3080657 .2374953 0
 548 .3767896 .2438903 0
 549 .1534377 .2148437 0
 550 -.116585 .1826065 0
 551 -.164484 7.41516E-02 0
 552 -.114101 .1188628 0
 553 -.151888 .0 0
 554 -.164484 -7.41500E-02 0
 555 -.268495 -.112436 0
 556 -.331998 -.189105 0
 557 -.306358 -.265704 0
 558 -.258781 -.372694 0
 559 -.317398 -.502304 0
 560 -.385829 -.672569 0
 561 -.454535 -.895417 0
 562 -.508676 -1.16532 0
 563 -4.37725 -2.01256 5
 564 -2.2694 -2.42714 0
 565 -1.82228 -2.45337 0
 566 -3.68466 -2.58704 0
 567 -3.17081 -2.67497 0
 568 -2.57874 -2.86667 0
 569 -4.2039 -2.50218 5
 570 .7378429 -.960574 0
 571 .7192853 -1.0983 0
 572 .694836 -1.28403 0
 573 .4047026 -1.35943 0
 574 .1608183 -1.37652 0
 575 -.157967 -1.42317 0
 576 -1.4637 -3.71611 0
 577 -1.18822 -4.28744 0
 578 -1.57834 -2.99242 0
 579 -1.78177 -3.30349 0
 580 -.912838 -6.37401 0
 581 -1.33439 -7.21335 5
 582 -1.51227 -5.77189 0
 583 -1.75856 -4.90681 0
 584 .7275524 .2973372 0
 585 .6236158 .28421 0
 586 .8441705 -.114523 0
 587 .9001461 -.207387 0
 588 .9585263 -.306437 0
 589 .7797284 -2.74484E-02 3
 590 .7797284 2.74484E-02 3
 591 .7384822 .1200897 0
 592 .6837766 .2058394 0
 593 .8914241 -.410061 0
 594 .8109645 -.509584 0
 595 .7218213 -.595851 0
 596 .6431623 -.682643 0
 597 .6816403 -.816645 0
 598 8.59481E-02 .1766327 0
 599 3.15963E-02 .1806014 0
 600 -1.67618E-02 .1721709 0
 601 -6.18225E-02 .1536864 0
 602 .4492064 .2552368 0
 603 .5306807 .2694289 0
 604 .2130416 .1636946 0
 605 .2778944 .1703933 0
 606 .3450286 .1788817 0
 607 .4175351 .1861021 0
 608 .1466674 .1506973 0
 609 -8.36426E-02 5.70786E-02 0
 610 -5.78934E-02 .1079787 0
 611 -7.49145E-02 .0 0
 612 -8.36426E-02 -5.70770E-02 0
 613 -.114101 -.118861 0
 614 -.18335 -.148385 0
 615 -.254535 -.193323 0
 616 -.218281 -.283444 0
 617 -.139096 -.344043 0
 618 -.15705 -.460774 0
 619 -.166951 -.625233 0
 620 -.195955 -.831002 0
 621 -.228146 -1.08092 0
 622 -2.00829 -2.83651 0
 623 -3.99559 -2.98379 5
 624 -3.47722 -3.03563 0
 625 -2.98965 -3.08625 0
 626 -2.74277 -3.47423 0
 627 -2.17209 -3.33135 0
 628 .5975857 -.957356 0
 629 .5055174 -1.12782 0
 630 .2317153 -1.09168 0
 631 -3.17991E-03 -1.22285 0
 632 -1.86909 -3.74248 0
 633 -1.79845 -4.21898 0
 634 -2.02359 -6.33024 5
 635 -2.43703 -5.73561 5
 636 -2.92001 -4.9514 5
 637 -2.59055 -4.40244 0
 638 .5866392 .2008635 0
 639 .7384824 -.120088 0
 640 .7884731 -.20831 0
 641 .8401898 -.305394 0
 642 .6797482 -3.76682E-02 3
 643 .6797482 3.76682E-02 3
 644 .6400778 .1232644 0
 645 .7691814 -.398495 0
 646 .6902219 -.482083 0
 647 .6100782 -.559144 0
 648 .5236296 -.655758 0
 649 .5503782 -.79185 0
 650 4.87854E-02 .1356337 0
 651 9.06234E-02 .1248961 0
 652 1.18362E-02 .1394988 0
 653 -2.41455E-02 .1277617 0
 654 .4977034 .1939451 0
 655 .193654 .102113 0
 656 .2508392 .1105057 0
 657 .3150776 .1170149 0
 658 .3862369 .1214922 0
 659 .4641503 .1239466 0
 660 .1434675 9.19626E-02 0
 661 -3.29767E-02 2.39800E-02 0
 662 -3.39798E-02 6.86035E-02 0
 663 -1.39526E-02 9.20333E-02 0
 664 -2.62894E-02 .0 0
 665 -3.29767E-02 -2.39800E-02 0
 666 -3.39798E-02 -6.86035E-02 0
 667 -5.78934E-02 -.107977 0
 668 -6.18225E-02 -.153685 0
 669 -.116585 -.182605 0
 670 -.186462 -.21739 0
 671 -.128964 -.253277 0
 672 -5.86533E-02 -.296199 0
 673 -4.36707E-02 -.401266 0
 674 -8.55255E-03 -.519003 0
 675 -1.58051E-02 -.706442 0
 676 1.20544E-03 -.9388 0
 677 -3.75745 -3.45806 5
 678 -3.23939 -3.47374 0
 679 -2.95276 -3.92038 0
 680 -2.37882 -3.8615 0
 681 .3987394 -.930981 0
 682 .2000457 -.81306 0
 683 -3.21777 -4.3988 5
 684 .5487325 .1245039 0
 685 .6400778 -.123263 0
 686 .6837766 -.205838 0
 687 .7275524 -.297336 0
 688 .5865507 -4.58928E-02 3
 689 .5865507 4.58928E-02 3
 690 .6574751 -.377464 0
 691 .5853955 -.450621 0
 692 .5056213 -.523292 0
 693 .3832564 -.607162 0
 694 .3944899 -.745897 0
 695 6.02997E-02 9.97894E-02 0
 696 2.53082E-02 .1074095 0
 697 .1007144 8.05163E-02 0
 698 7.81238E-04 .1107513 0
 699 .2226226 5.80620E-02 3
 700 .1704176 5.49546E-02 3
 701 .2817198 5.94303E-02 3
 702 .3476926 5.89433E-02 3
 703 .4205076 5.65341E-02 3
 704 .5001341 5.21816E-02 3
 705 .1251464 5.02698E-02 3
 706 -6.20210E-03 7.63850E-03 0
 707 -2.00397E-02 3.67856E-02 0
 708 -3.53849E-03 6.76468E-02 0
 709 1.03729E-02 8.31238E-02 0
 710 .0 .0 3
 711 -6.20067E-03 -7.63772E-03 0
 712 -2.00397E-02 -3.66825E-02 0
 713 -3.53849E-03 -6.76452E-02 0
 714 -1.39526E-02 -9.20333E-02 0
 715 -2.41455E-02 -.12776 0
 716 -1.67618E-02 -.172169 0
 717 -6.24756E-02 -.211052 0
 718 -2.59548E-03 -.233191 0
 719 4.28360E-02 -.322467 0
 720 3.55560E-02 -.428483 0
 721 .1231291 -.485351 0
 722 .1294464 -.627908 0
 723 -3.48762 -3.92369 5
 724 .2619642 -.672621 0
 725 .5487325 -.124503 0
 726 .5866392 -.200862 0
 727 .6236158 -.284209 0
 728 .5001341 -5.21816E-02 3
 729 .5596387 -.353076 0
 730 .4945279 -.415037 0
 731 .396115 -.479161 0
 732 .2504149 -.506103 0
 733 6.48759E-02 6.80570E-02 0
 734 3.11767E-02 7.73391E-02 0
 735 8.67324E-02 4.41818E-02 3
 736 3.51411E-03 1.02450E-02 3
 737 -1.28508E-04 2.27848E-02 0
 738 -1.01769E-03 4.42986E-02 0
 739 1.62567E-02 5.80597E-02 0
 740 3.51411E-03 -1.02450E-02 3
 741 -1.29759E-04 -2.27840E-02 0
 742 -1.01769E-03 -4.42974E-02 0
 743 1.62567E-02 -5.80581E-02 0
 744 1.03729E-02 -8.31237E-02 0
 745 7.81238E-04 -.11075 0
 746 1.18362E-02 -.139497 0
 747 3.15963E-02 -.1806 0
 748 7.16278E-02 -.24033 0
 749 .1055663 -.397719 0
 750 .156613 -.295819 0
 751 .2019118 -.399498 0
 752 .4641503 -.123945 0
 753 .4977034 -.193944 0
 754 .5306807 -.269427 0
 755 .4205076 -5.65341E-02 3
 756 .4795697 -.324678 0
 757 .4061597 -.38271 0
 758 .3086912 -.396759 0
 759 5.51712E-02 3.68667E-02 3
 760 3.56405E-02 5.42384E-02 0
 761 1.34659E-02 1.95240E-02 3
 762 1.36897E-02 3.88718E-02 0
 763 1.34659E-02 -1.95240E-02 3
 764 1.36910E-02 -3.88709E-02 0
 765 3.56404E-02 -5.42368E-02 0
 766 3.11767E-02 -7.73376E-02 0
 767 2.53082E-02 -.107408 0
 768 4.87854E-02 -.135632 0
 769 8.59481E-02 -.176631 0
 770 .1534377 -.214842 0
 771 .2348296 -.233351 0
 772 .2610304 -.315512 0
 773 .3862369 -.121491 0
 774 .4175351 -.186101 0
 775 .4492064 -.255235 0
 776 .3476926 -5.89433E-02 3
 777 .4129697 -.311284 0
 778 .3456237 -.311847 0
 779 3.06641E-02 2.85427E-02 3
 780 3.06641E-02 -2.85427E-02 3
 781 5.51712E-02 -3.68667E-02 3
 782 6.48745E-02 -6.80562E-02 0
 783 6.02997E-02 -9.97878E-02 0
 784 9.06234E-02 -.124895 0
 785 .1466674 -.150696 0
 786 .2130416 -.163693 0
 787 .2778944 -.170392 0
 788 .3080657 -.237494 0
 789 .3150776 -.117013 0
 790 .3450286 -.17888 0
 791 .3767896 -.243889 0
 792 .2817198 -5.94303E-02 3
 793 8.67324E-02 -4.41818E-02 3
 794 .1007156 -8.05155E-02 0
 795 .1434662 -9.19618E-02 0
 796 .1936551 -.102112 0
 797 .2508392 -.110504 0
 798 .2226226 -5.80620E-02 3
 799 .1251464 -5.02698E-02 3
 800 .1704176 -5.49546E-02 3
 801 -7.08067E-03 .0 0
 1 506 504 505 0
 2 162 134 135 0
 3 135 134 112 0
 4 163 162 135 0
 5 319 372 374 0
 6 374 372 431 0
 7 374 431 433 0
 8 612 611 553 0
 9 796 795 785 0
 10 785 795 784 0
 11 785 784 769 0
 12 668 667 613 0
 13 613 667 612 0
 14 613 612 554 0
 15 554 612 553 0
 16 554 553 487 0
 17 792 798 797 0
 18 797 796 786 0
 19 786 796 785 0
 20 776 792 789 0
 21 789 792 797 0
 22 789 797 787 0
 23 787 797 786 0
 24 786 785 770 0
 25 770 785 769 0
 26 770 769 748 0
 27 748 769 747 0
 28 748 747 718 0
 29 718 747 716 0
 30 718 716 717 0
 31 717 716 668 0
 32 717 668 669 0
 33 669 668 613 0
 34 669 613 614 0
 35 614 613 554 0
 36 614 554 555 0
 37 555 554 487 0
 38 555 487 488 0
 39 488 487 426 0
 40 787 786 771 0
 41 771 786 770 0
 42 755 776 773 0
 43 773 776 789 0
 44 773 789 790 0
 45 790 789 787 0
 46 790 787 788 0
 47 788 787 771 0
 48 728 755 752 0
 49 752 755 773 0
 50 752 773 774 0
 51 774 773 790 0
 52 774 790 791 0
 53 791 790 788 0
 54 688 728 725 0
 55 725 728 752 0
 56 725 752 753 0
 57 753 752 774 0
 58 753 774 775 0
 59 775 774 791 0
 60 771 770 750 0
 61 750 770 748 0
 62 788 771 772 0
 63 772 771 750 0
 64 791 788 778 0
 65 778 788 772 0
 66 775 791 777 0
 67 777 791 778 0
 68 750 748 719 0
 69 719 748 718 0
 70 719 718 672 0
 71 672 718 717 0
 72 672 717 671 0
 73 671 717 669 0
 74 671 669 670 0
 75 670 669 614 0
 76 670 614 615 0
 77 615 614 555 0
 78 615 555 556 0
 79 556 555 488 0
 80 671 670 616 0
 81 616 670 615 0
 82 616 615 557 0
 83 557 615 556 0
 84 557 556 489 0
 85 489 556 488 0
 86 672 671 617 0
 87 617 671 616 0
 88 642 688 685 0
 89 685 688 725 0
 90 685 725 726 0
 91 726 725 753 0
 92 726 753 754 0
 93 754 753 775 0
 94 754 775 756 0
 95 756 775 777 0
 96 756 777 757 0
 97 757 777 778 0
 98 757 778 758 0
 99 758 778 772 0
 100 617 616 558 0
 101 558 616 557 0
 102 719 672 673 0
 103 673 672 617 0
 104 758 772 751 0
 105 751 772 750 0
 106 751 750 749 0
 107 749 750 719 0
 108 749 719 720 0
 109 720 719 673 0
 110 751 749 721 0
 111 721 749 720 0
 112 721 720 674 0
 113 674 720 673 0
 114 589 642 639 0
 115 639 642 685 0
 116 639 685 686 0
 117 686 685 726 0
 118 686 726 727 0
 119 727 726 754 0
 120 727 754 729 0
 121 729 754 756 0
 122 729 756 730 0
 123 730 756 757 0
 124 730 757 731 0
 125 731 757 758 0
 126 530 589 586 0
 127 586 589 639 0
 128 586 639 640 0
 129 640 639 686 0
 130 640 686 687 0
 131 687 686 727 0
 132 687 727 690 0
 133 690 727 729 0
 134 690 729 691 0
 135 691 729 730 0
 136 691 730 692 0
 137 692 730 731 0
 138 758 751 732 0
 139 732 751 721 0
 140 731 758 732 0
 141 465 530 528 0
 142 528 530 586 0
 143 403 465 464 0
 144 464 465 528 0
 145 528 586 587 0
 146 587 586 640 0
 147 587 640 641 0
 148 641 640 687 0
 149 641 687 645 0
 150 645 687 690 0
 151 645 690 646 0
 152 646 690 691 0
 153 646 691 647 0
 154 647 691 692 0
 155 673 617 618 0
 156 618 617 558 0
 157 674 673 618 0
 158 464 528 529 0
 159 529 528 587 0
 160 529 587 588 0
 161 588 587 641 0
 162 349 403 404 0
 163 404 403 464 0
 164 404 464 466 0
 165 466 464 529 0
 166 466 529 532 0
 167 532 529 588 0
 168 558 557 490 0
 169 490 557 489 0
 170 588 641 593 0
 171 593 641 645 0
 172 532 588 535 0
 173 535 588 593 0
 174 593 645 594 0
 175 594 645 646 0
 176 594 646 595 0
 177 595 646 647 0
 178 692 731 693 0
 179 693 731 732 0
 180 647 692 648 0
 181 648 692 693 0
 182 595 647 596 0
 183 596 647 648 0
 184 489 488 427 0
 185 427 488 426 0
 186 427 426 369 0
 187 535 593 536 0
 188 536 593 594 0
 189 536 594 537 0
 190 537 594 595 0
 191 537 595 538 0
 192 538 595 596 0
 193 490 489 428 0
 194 428 489 427 0
 195 618 558 559 0
 196 559 558 490 0
 197 732 721 722 0
 198 722 721 674 0
 199 693 732 724 0
 200 724 732 722 0
 201 302 349 352 0
 202 352 349 404 0
 203 352 404 407 0
 204 407 404 466 0
 205 407 466 469 0
 206 469 466 532 0
 207 469 532 470 0
 208 470 532 535 0
 209 407 469 408 0
 210 408 469 470 0
 211 470 535 471 0
 212 471 535 536 0
 213 408 470 409 0
 214 409 470 471 0
 215 352 407 353 0
 216 353 407 408 0
 217 471 536 472 0
 218 472 536 537 0
 219 472 537 473 0
 220 473 537 538 0
 221 409 471 410 0
 222 410 471 472 0
 223 648 693 694 0
 224 694 693 724 0
 225 596 648 649 0
 226 649 648 694 0
 227 538 596 597 0
 228 597 596 649 0
 229 473 538 539 0
 230 539 538 597 0
 231 694 724 682 0
 232 682 724 722 0
 233 353 408 354 0
 234 354 408 409 0
 235 354 409 355 0
 236 355 409 410 0
 237 302 352 303 0
 238 303 352 353 0
 239 258 302 303 0
 240 410 472 411 0
 241 411 472 473 0
 242 411 473 474 0
 243 474 473 539 0
 244 674 618 619 0
 245 619 618 559 0
 246 722 674 675 0
 247 675 674 619 0
 248 682 722 675 0
 249 559 490 491 0
 250 491 490 428 0
 251 649 694 681 0
 252 681 694 682 0
 253 597 649 628 0
 254 628 649 681 0
 255 539 597 570 0
 256 570 597 628 0
 257 474 539 508 0
 258 508 539 570 0
 259 508 570 571 0
 260 571 570 628 0
 261 355 410 356 0
 262 356 410 411 0
 263 303 353 304 0
 264 304 353 354 0
 265 356 411 412 0
 266 412 411 474 0
 267 412 474 444 0
 268 444 474 508 0
 269 444 508 509 0
 270 509 508 571 0
 271 619 559 560 0
 272 560 559 491 0
 273 675 619 620 0
 274 620 619 560 0
 275 428 427 370 0
 276 370 427 369 0
 277 370 369 318 0
 278 491 428 429 0
 279 429 428 370 0
 280 304 354 305 0
 281 305 354 355 0
 282 305 355 306 0
 283 306 355 356 0
 284 571 628 629 0
 285 629 628 681 0
 286 509 571 572 0
 287 572 571 629 0
 288 258 303 259 0
 289 259 303 304 0
 290 218 258 259 0
 291 306 356 357 0
 292 357 356 412 0
 293 357 412 384 0
 294 384 412 444 0
 295 384 444 445 0
 296 445 444 509 0
 297 445 509 510 0
 298 510 509 572 0
 299 259 304 260 0
 300 260 304 305 0
 301 560 491 492 0
 302 492 491 429 0
 303 682 675 676 0
 304 676 675 620 0
 305 620 560 561 0
 306 561 560 492 0
 307 629 681 630 0
 308 630 681 682 0
 309 630 682 676 0
 310 676 620 621 0
 311 621 620 561 0
 312 260 305 261 0
 313 261 305 306 0
 314 261 306 307 0
 315 307 306 357 0
 316 307 357 330 0
 317 330 357 384 0
 318 330 384 385 0
 319 385 384 445 0
 320 385 445 446 0
 321 446 445 510 0
 322 218 259 219 0
 323 219 259 260 0
 324 183 218 219 0
 325 572 629 573 0
 326 573 629 630 0
 327 510 572 511 0
 328 511 572 573 0
 329 446 510 447 0
 330 447 510 511 0
 331 385 446 386 0
 332 386 446 447 0
 333 330 385 331 0
 334 331 385 386 0
 335 429 370 371 0
 336 371 370 318 0
 337 371 318 323 0
 338 323 318 274 0
 339 492 429 430 0
 340 430 429 371 0
 341 561 492 493 0
 342 493 492 430 0
 343 621 561 562 0
 344 562 561 493 0
 345 630 676 631 0
 346 631 676 621 0
 347 573 630 574 0
 348 574 630 631 0
 349 574 631 575 0
 350 575 631 621 0
 351 575 621 562 0
 352 511 573 512 0
 353 512 573 574 0
 354 447 511 448 0
 355 448 511 512 0
 356 307 330 283 0
 357 283 330 331 0
 358 219 260 220 0
 359 220 260 261 0
 360 386 447 387 0
 361 387 447 448 0
 362 261 307 262 0
 363 262 307 283 0
 364 220 261 262 0
 365 512 574 513 0
 366 513 574 575 0
 367 448 512 449 0
 368 449 512 513 0
 369 183 219 184 0
 370 184 219 220 0
 371 152 183 184 0
 372 331 386 332 0
 373 332 386 387 0
 374 513 575 516 0
 375 516 575 562 0
 376 516 562 503 0
 377 503 562 493 0
 378 503 493 439 0
 379 439 493 430 0
 380 439 430 379 0
 381 379 430 371 0
 382 379 371 323 0
 383 283 331 284 0
 384 284 331 332 0
 385 387 448 388 0
 386 388 448 449 0
 387 262 283 241 0
 388 241 283 284 0
 389 449 513 452 0
 390 452 513 516 0
 391 332 387 333 0
 392 333 387 388 0
 393 184 220 221 0
 394 221 220 262 0
 395 221 262 241 0
 396 284 332 285 0
 397 285 332 333 0
 398 241 284 242 0
 399 242 284 285 0
 400 388 449 391 0
 401 391 449 452 0
 402 152 184 185 0
 403 185 184 221 0
 404 138 152 168 0
 405 168 152 185 0
 406 333 388 335 0
 407 335 388 391 0
 408 452 516 517 0
 409 517 516 503 0
 410 517 503 500 0
 411 500 503 439 0
 412 500 439 436 0
 413 436 439 379 0
 414 436 379 377 0
 415 377 379 323 0
 416 377 323 321 0
 417 321 323 274 0
 418 321 274 273 0
 419 436 377 376 0
 420 376 377 321 0
 421 500 436 437 0
 422 437 436 376 0
 423 374 433 432 0
 424 432 433 494 0
 425 432 494 495 0
 426 495 494 563 0
 427 495 563 502 0
 428 502 563 569 0
 429 432 495 438 0
 430 438 495 502 0
 431 502 569 566 0
 432 566 569 623 0
 433 438 502 498 0
 434 498 502 566 0
 435 566 623 624 0
 436 624 623 677 0
 437 498 566 567 0
 438 567 566 624 0
 439 624 677 678 0
 440 678 677 723 0
 441 567 624 625 0
 442 625 624 678 0
 443 678 723 679 0
 444 679 723 683 0
 445 625 678 626 0
 446 626 678 679 0
 447 567 625 568 0
 448 568 625 626 0
 449 498 567 499 0
 450 499 567 568 0
 451 438 498 435 0
 452 435 498 499 0
 453 391 452 453 0
 454 453 452 517 0
 455 221 241 203 0
 456 203 241 242 0
 457 185 221 203 0
 458 679 683 637 0
 459 637 683 636 0
 460 626 679 680 0
 461 680 679 637 0
 462 568 626 627 0
 463 627 626 680 0
 464 517 500 501 0
 465 501 500 437 0
 466 453 517 518 0
 467 518 517 501 0
 468 285 333 286 0
 469 286 333 335 0
 470 432 438 378 0
 471 378 438 435 0
 472 374 432 373 0
 473 373 432 378 0
 474 319 374 373 0
 475 273 319 322 0
 476 322 319 373 0
 477 322 373 378 0
 478 321 273 320 0
 479 320 273 322 0
 480 376 321 320 0
 481 320 322 375 0
 482 375 322 378 0
 483 375 378 435 0
 484 376 320 375 0
 485 376 375 434 0
 486 434 375 435 0
 487 437 376 434 0
 488 434 435 496 0
 489 496 435 499 0
 490 437 434 497 0
 491 497 434 496 0
 492 501 437 497 0
 493 496 499 564 0
 494 564 499 568 0
 495 497 496 564 0
 496 564 568 622 0
 497 622 568 627 0
 498 501 497 565 0
 499 565 497 564 0
 500 565 564 622 0
 501 518 501 565 0
 502 518 565 578 0
 503 578 565 622 0
 504 578 622 579 0
 505 579 622 627 0
 506 518 578 519 0
 507 519 578 579 0
 508 453 518 454 0
 509 454 518 519 0
 510 579 627 632 0
 511 632 627 680 0
 512 519 579 576 0
 513 576 579 632 0
 514 576 632 633 0
 515 633 632 680 0
 516 633 680 637 0
 517 454 519 514 0
 518 514 519 576 0
 519 391 453 392 0
 520 392 453 454 0
 521 335 391 392 0
 522 392 454 450 0
 523 450 454 514 0
 524 514 576 577 0
 525 577 576 633 0
 526 450 514 515 0
 527 515 514 577 0
 528 577 633 583 0
 529 583 633 637 0
 530 583 637 636 0
 531 583 636 635 0
 532 583 635 582 0
 533 582 635 634 0
 534 582 634 580 0
 535 580 634 581 0
 536 580 581 521 0
 537 521 581 524 0
 538 242 285 243 0
 539 243 285 286 0
 540 203 242 204 0
 541 204 242 243 0
 542 335 392 389 0
 543 389 392 450 0
 544 286 335 334 0
 545 334 335 389 0
 546 243 286 287 0
 547 287 286 334 0
 548 197 163 164 0
 549 164 163 135 0
 550 235 197 198 0
 551 198 197 164 0
 552 236 235 199 0
 553 199 235 198 0
 554 515 577 523 0
 555 523 577 583 0
 556 523 583 582 0
 557 523 582 522 0
 558 522 582 580 0
 559 522 580 520 0
 560 520 580 521 0
 561 389 450 451 0
 562 451 450 515 0
 563 168 185 169 0
 564 169 185 203 0
 565 169 203 204 0
 566 199 198 165 0
 567 165 198 164 0
 568 334 389 390 0
 569 390 389 451 0
 570 287 334 336 0
 571 336 334 390 0
 572 451 515 458 0
 573 458 515 523 0
 574 458 523 522 0
 575 458 522 457 0
 576 457 522 520 0
 577 457 520 456 0
 578 456 520 521 0
 579 458 457 395 0
 580 395 457 456 0
 581 451 458 395 0
 582 390 451 395 0
 583 336 390 338 0
 584 338 390 395 0
 585 338 395 394 0
 586 394 395 456 0
 587 287 336 289 0
 588 289 336 338 0
 589 289 338 339 0
 590 339 338 394 0
 591 138 168 139 0
 592 139 168 169 0
 593 113 138 139 0
 594 277 236 237 0
 595 237 236 199 0
 596 339 394 396 0
 597 396 394 456 0
 598 164 135 136 0
 599 136 135 112 0
 600 165 164 136 0
 601 136 112 113 0
 602 136 113 137 0
 603 137 113 139 0
 604 165 136 166 0
 605 166 136 137 0
 606 199 165 200 0
 607 200 165 166 0
 608 237 199 200 0
 609 166 137 167 0
 610 167 137 139 0
 611 167 139 170 0
 612 170 139 169 0
 613 170 169 204 0
 614 200 166 201 0
 615 201 166 167 0
 616 237 200 238 0
 617 238 200 201 0
 618 243 287 244 0
 619 244 287 289 0
 620 204 243 244 0
 621 170 204 205 0
 622 205 204 244 0
 623 167 170 202 0
 624 202 170 205 0
 625 201 167 202 0
 626 238 201 239 0
 627 239 201 202 0
 628 239 202 240 0
 629 240 202 205 0
 630 240 205 245 0
 631 245 205 244 0
 632 245 244 288 0
 633 288 244 289 0
 634 288 289 337 0
 635 337 289 339 0
 636 245 288 290 0
 637 290 288 337 0
 638 240 245 282 0
 639 282 245 290 0
 640 239 240 281 0
 641 281 240 282 0
 642 238 239 280 0
 643 280 239 281 0
 644 281 282 329 0
 645 329 282 290 0
 646 280 281 327 0
 647 327 281 329 0
 648 238 280 279 0
 649 279 280 327 0
 650 237 238 279 0
 651 277 237 278 0
 652 278 237 279 0
 653 325 277 278 0
 654 337 339 393 0
 655 393 339 396 0
 656 290 337 340 0
 657 340 337 393 0
 658 329 290 340 0
 659 327 329 382 0
 660 382 329 340 0
 661 279 327 328 0
 662 328 327 382 0
 663 278 279 326 0
 664 326 279 328 0
 665 325 278 326 0
 666 380 325 381 0
 667 381 325 326 0
 668 381 326 328 0
 669 381 328 383 0
 670 383 328 382 0
 671 383 382 397 0
 672 397 382 340 0
 673 397 340 393 0
 674 397 393 455 0
 675 455 393 396 0
 676 383 397 443 0
 677 443 397 455 0
 678 381 383 441 0
 679 441 383 443 0
 680 380 381 441 0
 681 440 380 442 0
 682 442 380 441 0
 683 506 440 442 0
 684 442 441 507 0
 685 507 441 443 0
 686 507 443 455 0
 687 506 442 459 0
 688 459 442 507 0
 689 524 506 459 0
 690 459 507 455 0
 691 521 524 459 0
 692 459 455 396 0
 693 456 521 459 0
 694 456 459 396 0
 695 4 3 2 0
 696 110 111 134 0
 697 111 112 134 0
 698 88 111 110 0
 699 319 342 372 0
 700 342 341 372 0
 701 342 291 341 0
 702 609 553 611 0
 703 655 608 660 0
 704 608 651 660 0
 705 608 598 651 0
 706 601 552 610 0
 707 552 609 610 0
 708 552 551 609 0
 709 551 553 609 0
 710 551 487 553 0
 711 701 656 699 0
 712 656 604 655 0
 713 604 608 655 0
 714 702 657 701 0
 715 657 656 701 0
 716 657 605 656 0
 717 605 604 656 0
 718 604 549 608 0
 719 549 598 608 0
 720 549 540 598 0
 721 540 599 598 0
 722 540 541 599 0
 723 541 600 599 0
 724 541 542 600 0
 725 542 601 600 0
 726 542 550 601 0
 727 550 552 601 0
 728 550 486 552 0
 729 486 551 552 0
 730 486 485 551 0
 731 485 487 551 0
 732 485 425 487 0
 733 425 426 487 0
 734 605 546 604 0
 735 546 549 604 0
 736 703 658 702 0
 737 658 657 702 0
 738 658 606 657 0
 739 606 605 657 0
 740 606 547 605 0
 741 547 546 605 0
 742 704 659 703 0
 743 659 658 703 0
 744 659 607 658 0
 745 607 606 658 0
 746 607 548 606 0
 747 548 547 606 0
 748 689 684 704 0
 749 684 659 704 0
 750 684 654 659 0
 751 654 607 659 0
 752 654 602 607 0
 753 602 548 607 0
 754 546 482 549 0
 755 482 540 549 0
 756 547 480 546 0
 757 480 482 546 0
 758 548 481 547 0
 759 481 480 547 0
 760 602 543 548 0
 761 543 481 548 0
 762 482 475 540 0
 763 475 541 540 0
 764 475 476 541 0
 765 476 542 541 0
 766 476 483 542 0
 767 483 550 542 0
 768 483 484 550 0
 769 484 486 550 0
 770 484 424 486 0
 771 424 485 486 0
 772 424 423 485 0
 773 423 425 485 0
 774 483 422 484 0
 775 422 424 484 0
 776 422 366 424 0
 777 366 423 424 0
 778 366 367 423 0
 779 367 425 423 0
 780 476 421 483 0
 781 421 422 483 0
 782 643 644 689 0
 783 644 684 689 0
 784 644 638 684 0
 785 638 654 684 0
 786 638 603 654 0
 787 603 602 654 0
 788 603 544 602 0
 789 544 543 602 0
 790 544 477 543 0
 791 477 481 543 0
 792 477 418 481 0
 793 418 480 481 0
 794 421 365 422 0
 795 365 366 422 0
 796 475 414 476 0
 797 414 421 476 0
 798 418 419 480 0
 799 419 482 480 0
 800 419 420 482 0
 801 420 475 482 0
 802 420 413 475 0
 803 413 414 475 0
 804 419 363 420 0
 805 363 413 420 0
 806 363 358 413 0
 807 358 414 413 0
 808 590 591 643 0
 809 591 644 643 0
 810 591 592 644 0
 811 592 638 644 0
 812 592 585 638 0
 813 585 603 638 0
 814 585 545 603 0
 815 545 544 603 0
 816 545 478 544 0
 817 478 477 544 0
 818 478 415 477 0
 819 415 418 477 0
 820 531 533 590 0
 821 533 591 590 0
 822 533 534 591 0
 823 534 592 591 0
 824 534 584 592 0
 825 584 585 592 0
 826 584 526 585 0
 827 526 545 585 0
 828 526 479 545 0
 829 479 478 545 0
 830 479 416 478 0
 831 416 415 478 0
 832 418 362 419 0
 833 362 363 419 0
 834 415 362 418 0
 835 465 467 531 0
 836 467 533 531 0
 837 403 405 465 0
 838 405 467 465 0
 839 467 468 533 0
 840 468 534 533 0
 841 468 527 534 0
 842 527 584 534 0
 843 527 525 584 0
 844 525 526 584 0
 845 525 461 526 0
 846 461 479 526 0
 847 461 417 479 0
 848 417 416 479 0
 849 414 364 421 0
 850 364 365 421 0
 851 358 364 414 0
 852 405 406 467 0
 853 406 468 467 0
 854 406 463 468 0
 855 463 527 468 0
 856 349 350 403 0
 857 350 405 403 0
 858 350 351 405 0
 859 351 406 405 0
 860 351 402 406 0
 861 402 463 406 0
 862 365 315 366 0
 863 315 367 366 0
 864 463 462 527 0
 865 462 525 527 0
 866 402 401 463 0
 867 401 462 463 0
 868 462 460 525 0
 869 460 461 525 0
 870 460 399 461 0
 871 399 417 461 0
 872 416 359 415 0
 873 359 362 415 0
 874 417 360 416 0
 875 360 359 416 0
 876 399 361 417 0
 877 361 360 417 0
 878 367 368 425 0
 879 368 426 425 0
 880 368 369 426 0
 881 401 400 462 0
 882 400 460 462 0
 883 400 398 460 0
 884 398 399 460 0
 885 398 344 399 0
 886 344 361 399 0
 887 315 316 367 0
 888 316 368 367 0
 889 364 314 365 0
 890 314 315 365 0
 891 362 312 363 0
 892 312 358 363 0
 893 359 311 362 0
 894 311 312 362 0
 895 302 300 349 0
 896 300 350 349 0
 897 300 301 350 0
 898 301 351 350 0
 899 301 348 351 0
 900 348 402 351 0
 901 348 347 402 0
 902 347 401 402 0
 903 301 299 348 0
 904 299 347 348 0
 905 347 346 401 0
 906 346 400 401 0
 907 299 298 347 0
 908 298 346 347 0
 909 300 256 301 0
 910 256 299 301 0
 911 346 345 400 0
 912 345 398 400 0
 913 345 343 398 0
 914 343 344 398 0
 915 298 297 346 0
 916 297 345 346 0
 917 360 309 359 0
 918 309 311 359 0
 919 361 310 360 0
 920 310 309 360 0
 921 344 324 361 0
 922 324 310 361 0
 923 343 295 344 0
 924 295 324 344 0
 925 309 265 311 0
 926 265 312 311 0
 927 256 255 299 0
 928 255 298 299 0
 929 255 254 298 0
 930 254 297 298 0
 931 302 257 300 0
 932 257 256 300 0
 933 258 257 302 0
 934 297 296 345 0
 935 296 343 345 0
 936 296 294 343 0
 937 294 295 343 0
 938 358 313 364 0
 939 313 314 364 0
 940 312 308 358 0
 941 308 313 358 0
 942 265 308 312 0
 943 314 268 315 0
 944 268 316 315 0
 945 310 264 309 0
 946 264 265 309 0
 947 324 275 310 0
 948 275 264 310 0
 949 295 276 324 0
 950 276 275 324 0
 951 294 251 295 0
 952 251 276 295 0
 953 251 234 276 0
 954 234 275 276 0
 955 254 253 297 0
 956 253 296 297 0
 957 257 216 256 0
 958 216 255 256 0
 959 253 252 296 0
 960 252 294 296 0
 961 252 250 294 0
 962 250 251 294 0
 963 250 211 251 0
 964 211 234 251 0
 965 313 267 314 0
 966 267 268 314 0
 967 308 266 313 0
 968 266 267 313 0
 969 316 317 368 0
 970 317 369 368 0
 971 317 318 369 0
 972 268 269 316 0
 973 269 317 316 0
 974 216 215 255 0
 975 215 254 255 0
 976 215 214 254 0
 977 214 253 254 0
 978 234 233 275 0
 979 233 264 275 0
 980 211 196 234 0
 981 196 233 234 0
 982 258 217 257 0
 983 217 216 257 0
 984 218 217 258 0
 985 214 213 253 0
 986 213 252 253 0
 987 213 212 252 0
 988 212 250 252 0
 989 212 210 250 0
 990 210 211 250 0
 991 210 176 211 0
 992 176 196 211 0
 993 217 181 216 0
 994 181 215 216 0
 995 267 226 268 0
 996 226 269 268 0
 997 265 263 308 0
 998 263 266 308 0
 999 266 225 267 0
 1000 225 226 267 0
 1001 233 223 264 0
 1002 223 265 264 0
 1003 223 263 265 0
 1004 263 224 266 0
 1005 224 225 266 0
 1006 181 180 215 0
 1007 180 214 215 0
 1008 180 179 214 0
 1009 179 213 214 0
 1010 179 178 213 0
 1011 178 212 213 0
 1012 178 177 212 0
 1013 177 210 212 0
 1014 177 175 210 0
 1015 175 176 210 0
 1016 218 182 217 0
 1017 182 181 217 0
 1018 183 182 218 0
 1019 196 195 233 0
 1020 195 223 233 0
 1021 176 161 196 0
 1022 161 195 196 0
 1023 175 145 176 0
 1024 145 161 176 0
 1025 177 146 175 0
 1026 146 145 175 0
 1027 178 147 177 0
 1028 147 146 177 0
 1029 269 270 317 0
 1030 270 318 317 0
 1031 270 271 318 0
 1032 271 274 318 0
 1033 226 227 269 0
 1034 227 270 269 0
 1035 225 189 226 0
 1036 189 227 226 0
 1037 224 188 225 0
 1038 188 189 225 0
 1039 223 222 263 0
 1040 222 224 263 0
 1041 195 186 223 0
 1042 186 222 223 0
 1043 186 187 222 0
 1044 187 224 222 0
 1045 187 188 224 0
 1046 161 160 195 0
 1047 160 186 195 0
 1048 145 133 161 0
 1049 133 160 161 0
 1050 179 148 178 0
 1051 148 147 178 0
 1052 182 150 181 0
 1053 150 180 181 0
 1054 146 120 145 0
 1055 120 133 145 0
 1056 180 149 179 0
 1057 149 148 179 0
 1058 150 149 180 0
 1059 160 153 186 0
 1060 153 187 186 0
 1061 133 132 160 0
 1062 132 153 160 0
 1063 183 151 182 0
 1064 151 150 182 0
 1065 152 151 183 0
 1066 147 121 146 0
 1067 121 120 146 0
 1068 153 154 187 0
 1069 154 188 187 0
 1070 154 155 188 0
 1071 155 189 188 0
 1072 155 190 189 0
 1073 190 227 189 0
 1074 190 228 227 0
 1075 228 270 227 0
 1076 228 271 270 0
 1077 148 122 147 0
 1078 122 121 147 0
 1079 120 109 133 0
 1080 109 132 133 0
 1081 149 123 148 0
 1082 123 122 148 0
 1083 132 128 153 0
 1084 128 154 153 0
 1085 121 99 120 0
 1086 99 109 120 0
 1087 151 124 150 0
 1088 124 149 150 0
 1089 124 123 149 0
 1090 122 100 121 0
 1091 100 99 121 0
 1092 123 101 122 0
 1093 101 100 122 0
 1094 109 108 132 0
 1095 108 128 132 0
 1096 152 125 151 0
 1097 125 124 151 0
 1098 138 126 152 0
 1099 126 125 152 0
 1100 99 87 109 0
 1101 87 108 109 0
 1102 128 129 154 0
 1103 129 155 154 0
 1104 129 156 155 0
 1105 156 190 155 0
 1106 156 191 190 0
 1107 191 228 190 0
 1108 191 229 228 0
 1109 229 271 228 0
 1110 229 232 271 0
 1111 232 274 271 0
 1112 232 273 274 0
 1113 191 193 229 0
 1114 193 232 229 0
 1115 156 157 191 0
 1116 157 193 191 0
 1117 342 292 291 0
 1118 292 246 291 0
 1119 292 247 246 0
 1120 247 206 246 0
 1121 247 207 206 0
 1122 207 171 206 0
 1123 292 248 247 0
 1124 248 207 247 0
 1125 207 172 171 0
 1126 172 140 171 0
 1127 248 208 207 0
 1128 208 172 207 0
 1129 172 141 140 0
 1130 141 115 140 0
 1131 208 173 172 0
 1132 173 141 172 0
 1133 141 116 115 0
 1134 116 94 115 0
 1135 173 142 141 0
 1136 142 116 141 0
 1137 116 95 94 0
 1138 95 75 94 0
 1139 142 117 116 0
 1140 117 95 116 0
 1141 173 143 142 0
 1142 143 117 142 0
 1143 208 174 173 0
 1144 174 143 173 0
 1145 248 209 208 0
 1146 209 174 208 0
 1147 108 106 128 0
 1148 106 129 128 0
 1149 124 103 123 0
 1150 103 101 123 0
 1151 125 103 124 0
 1152 95 76 75 0
 1153 76 55 75 0
 1154 117 96 95 0
 1155 96 76 95 0
 1156 143 118 117 0
 1157 118 96 117 0
 1158 129 130 156 0
 1159 130 157 156 0
 1160 106 107 129 0
 1161 107 130 129 0
 1162 100 80 99 0
 1163 80 87 99 0
 1164 292 249 248 0
 1165 249 209 248 0
 1166 342 293 292 0
 1167 293 249 292 0
 1168 319 293 342 0
 1169 273 272 319 0
 1170 272 293 319 0
 1171 272 249 293 0
 1172 232 231 273 0
 1173 231 272 273 0
 1174 193 231 232 0
 1175 231 230 272 0
 1176 230 249 272 0
 1177 230 209 249 0
 1178 193 230 231 0
 1179 193 192 230 0
 1180 192 209 230 0
 1181 157 192 193 0
 1182 192 194 209 0
 1183 194 174 209 0
 1184 157 158 192 0
 1185 158 194 192 0
 1186 130 158 157 0
 1187 194 159 174 0
 1188 159 143 174 0
 1189 158 159 194 0
 1190 159 144 143 0
 1191 144 118 143 0
 1192 130 131 158 0
 1193 131 159 158 0
 1194 131 144 159 0
 1195 107 131 130 0
 1196 107 127 131 0
 1197 127 144 131 0
 1198 127 119 144 0
 1199 119 118 144 0
 1200 107 105 127 0
 1201 105 119 127 0
 1202 106 85 107 0
 1203 85 105 107 0
 1204 119 97 118 0
 1205 97 96 118 0
 1206 105 98 119 0
 1207 98 97 119 0
 1208 98 77 97 0
 1209 77 96 97 0
 1210 77 76 96 0
 1211 85 84 105 0
 1212 84 98 105 0
 1213 108 86 106 0
 1214 86 85 106 0
 1215 87 86 108 0
 1216 86 64 85 0
 1217 64 84 85 0
 1218 84 78 98 0
 1219 78 77 98 0
 1220 64 63 84 0
 1221 63 78 84 0
 1222 78 56 77 0
 1223 56 76 77 0
 1224 56 55 76 0
 1225 56 38 55 0
 1226 56 39 38 0
 1227 39 24 38 0
 1228 39 25 24 0
 1229 25 13 24 0
 1230 25 14 13 0
 1231 14 7 13 0
 1232 101 81 100 0
 1233 81 80 100 0
 1234 103 83 101 0
 1235 83 81 101 0
 1236 87 65 86 0
 1237 65 64 86 0
 1238 80 66 87 0
 1239 66 65 87 0
 1240 81 61 80 0
 1241 61 66 80 0
 1242 67 89 88 0
 1243 89 111 88 0
 1244 48 68 67 0
 1245 68 89 67 0
 1246 33 49 48 0
 1247 49 68 48 0
 1248 63 57 78 0
 1249 57 56 78 0
 1250 57 39 56 0
 1251 57 40 39 0
 1252 40 25 39 0
 1253 40 26 25 0
 1254 26 14 25 0
 1255 65 46 64 0
 1256 46 63 64 0
 1257 126 104 125 0
 1258 104 103 125 0
 1259 104 83 103 0
 1260 49 69 68 0
 1261 69 89 68 0
 1262 66 47 65 0
 1263 47 46 65 0
 1264 61 58 66 0
 1265 58 47 66 0
 1266 46 45 63 0
 1267 45 57 63 0
 1268 45 40 57 0
 1269 45 31 40 0
 1270 31 26 40 0
 1271 31 17 26 0
 1272 17 14 26 0
 1273 45 32 31 0
 1274 32 17 31 0
 1275 46 32 45 0
 1276 47 32 46 0
 1277 58 41 47 0
 1278 41 32 47 0
 1279 41 27 32 0
 1280 27 17 32 0
 1281 61 43 58 0
 1282 43 41 58 0
 1283 43 28 41 0
 1284 28 27 41 0
 1285 138 114 126 0
 1286 114 104 126 0
 1287 113 114 138 0
 1288 18 34 33 0
 1289 34 49 33 0
 1290 28 15 27 0
 1291 15 17 27 0
 1292 89 90 111 0
 1293 90 112 111 0
 1294 69 90 89 0
 1295 90 113 112 0
 1296 90 91 113 0
 1297 91 114 113 0
 1298 69 70 90 0
 1299 70 91 90 0
 1300 49 50 69 0
 1301 50 70 69 0
 1302 34 50 49 0
 1303 70 92 91 0
 1304 92 114 91 0
 1305 92 102 114 0
 1306 102 104 114 0
 1307 102 83 104 0
 1308 50 71 70 0
 1309 71 92 70 0
 1310 34 51 50 0
 1311 51 71 50 0
 1312 81 62 61 0
 1313 62 43 61 0
 1314 83 62 81 0
 1315 102 82 83 0
 1316 82 62 83 0
 1317 92 93 102 0
 1318 93 82 102 0
 1319 71 93 92 0
 1320 51 72 71 0
 1321 72 93 71 0
 1322 72 74 93 0
 1323 74 82 93 0
 1324 74 79 82 0
 1325 79 62 82 0
 1326 79 59 62 0
 1327 59 43 62 0
 1328 59 42 43 0
 1329 42 28 43 0
 1330 79 60 59 0
 1331 60 42 59 0
 1332 74 73 79 0
 1333 73 60 79 0
 1334 72 53 74 0
 1335 53 73 74 0
 1336 51 52 72 0
 1337 52 53 72 0
 1338 53 54 73 0
 1339 54 60 73 0
 1340 52 36 53 0
 1341 36 54 53 0
 1342 51 35 52 0
 1343 35 36 52 0
 1344 34 35 51 0
 1345 18 19 34 0
 1346 19 35 34 0
 1347 9 19 18 0
 1348 42 29 28 0
 1349 29 15 28 0
 1350 60 44 42 0
 1351 44 29 42 0
 1352 54 44 60 0
 1353 36 37 54 0
 1354 37 44 54 0
 1355 35 21 36 0
 1356 21 37 36 0
 1357 19 20 35 0
 1358 20 21 35 0
 1359 9 20 19 0
 1360 5 10 9 0
 1361 10 20 9 0
 1362 10 21 20 0
 1363 10 22 21 0
 1364 22 37 21 0
 1365 22 30 37 0
 1366 30 44 37 0
 1367 30 29 44 0
 1368 30 16 29 0
 1369 16 15 29 0
 1370 22 23 30 0
 1371 23 16 30 0
 1372 10 11 22 0
 1373 11 23 22 0
 1374 5 11 10 0
 1375 3 6 5 0
 1376 6 11 5 0
 1377 4 6 3 0
 1378 6 12 11 0
 1379 12 23 11 0
 1380 12 16 23 0
 1381 4 8 6 0
 1382 8 12 6 0
 1383 7 8 4 0
 1384 8 16 12 0
 1385 14 8 7 0
 1386 8 15 16 0
 1387 17 8 14 0
 1388 17 15 8 0
 1389 504 440 505 0
 1390 440 506 505 0
 1391 3 1 2 0
 1392 1 4 2 0
 1393 740 710 711 0
 1394 711 710 801 0
 1395 763 740 741 0
 1396 741 740 711 0
 1397 780 763 764 0
 1398 764 763 741 0
 1399 781 780 765 0
 1400 765 780 764 0
 1401 711 664 665 0
 1402 665 664 611 0
 1403 741 711 712 0
 1404 712 711 665 0
 1405 764 741 742 0
 1406 742 741 712 0
 1407 765 764 743 0
 1408 743 764 742 0
 1409 743 742 713 0
 1410 713 742 712 0
 1411 713 712 666 0
 1412 666 712 665 0
 1413 793 781 782 0
 1414 782 781 765 0
 1415 782 765 766 0
 1416 766 765 743 0
 1417 766 743 744 0
 1418 744 743 713 0
 1419 744 713 714 0
 1420 714 713 666 0
 1421 799 793 794 0
 1422 794 793 782 0
 1423 794 782 783 0
 1424 783 782 766 0
 1425 783 766 767 0
 1426 767 766 744 0
 1427 767 744 745 0
 1428 745 744 714 0
 1429 666 665 612 0
 1430 612 665 611 0
 1431 714 666 667 0
 1432 667 666 612 0
 1433 745 714 715 0
 1434 715 714 667 0
 1435 767 745 746 0
 1436 746 745 715 0
 1437 783 767 768 0
 1438 768 767 746 0
 1439 794 783 784 0
 1440 784 783 768 0
 1441 799 794 795 0
 1442 795 794 784 0
 1443 800 799 795 0
 1444 798 800 796 0
 1445 796 800 795 0
 1446 769 784 768 0
 1447 769 768 747 0
 1448 747 768 746 0
 1449 747 746 716 0
 1450 716 746 715 0
 1451 716 715 668 0
 1452 668 715 667 0
 1453 797 798 796 0
 1454 736 706 710 0
 1455 706 801 710 0
 1456 761 737 736 0
 1457 737 706 736 0
 1458 779 762 761 0
 1459 762 737 761 0
 1460 759 760 779 0
 1461 760 762 779 0
 1462 706 661 664 0
 1463 661 611 664 0
 1464 737 707 706 0
 1465 707 661 706 0
 1466 762 738 737 0
 1467 738 707 737 0
 1468 760 739 762 0
 1469 739 738 762 0
 1470 739 708 738 0
 1471 708 707 738 0
 1472 708 662 707 0
 1473 662 661 707 0
 1474 735 733 759 0
 1475 733 760 759 0
 1476 733 734 760 0
 1477 734 739 760 0
 1478 734 709 739 0
 1479 709 708 739 0
 1480 709 663 708 0
 1481 663 662 708 0
 1482 705 697 735 0
 1483 697 733 735 0
 1484 697 695 733 0
 1485 695 734 733 0
 1486 695 696 734 0
 1487 696 709 734 0
 1488 696 698 709 0
 1489 698 663 709 0
 1490 662 609 661 0
 1491 609 611 661 0
 1492 663 610 662 0
 1493 610 609 662 0
 1494 698 653 663 0
 1495 653 610 663 0
 1496 696 652 698 0
 1497 652 653 698 0
 1498 695 650 696 0
 1499 650 652 696 0
 1500 697 651 695 0
 1501 651 650 695 0
 1502 705 660 697 0
 1503 660 651 697 0
 1504 700 660 705 0
 1505 699 655 700 0
 1506 655 660 700 0
 1507 598 650 651 0
 1508 598 599 650 0
 1509 599 652 650 0
 1510 599 600 652 0
 1511 600 653 652 0
 1512 600 601 653 0
 1513 601 610 653 0
 1514 656 655 699 0
 1515 664 711 801 0
 1516 664 801 706 0
