-.321848E-04
-.130207E-03
-.298512E-03
-.544646E-03
-.879417E-03
-.131703E-02
-.187503E-02
-.257380E-02
-.343499E-02
-.447806E-02
-.571329E-02
-.712915E-02
-.867168E-02
-.102150E-01
-.115268E-01
-.122434E-01
-.118836E-01
-.994784E-02
-.615677E-02
-.808250E-03
0.504670E-02
0.100574E-01
0.133576E-01
0.148354E-01
0.148603E-01
0.139438E-01
0.125411E-01
0.109804E-01
0.946265E-02
0.809142E-02
0.690698E-02
0.591346E-02
0.509721E-02
0.443769E-02
0.391335E-02
0.350446E-02
0.319432E-02
0.296965E-02
0.282050E-02
0.274016E-02
0.272499E-02
0.277429E-02
0.289031E-02
0.307829E-02
0.334663E-02
0.370702E-02
0.417456E-02
0.476764E-02
0.550717E-02
0.641469E-02
0.750808E-02
0.879339E-02
0.102503E-01
0.118090E-01
0.133189E-01
0.145145E-01
0.149973E-01
0.142667E-01
0.118515E-01
0.758906E-02
0.197866E-02
-.377710E-02
-.838836E-02
-.111920E-01
-.122396E-01
-.119665E-01
-.108822E-01
-.941152E-02
-.784722E-02
-.636121E-02
-.503724E-02
-.390376E-02
-.295876E-02
-.218597E-02
-.156417E-02
-.107209E-02
-.690739E-03
-.404301E-03
-.200379E-03
-.699076E-04
-.699544E-05
-.877912E-05
-.753402E-04
-.209708E-03
-.417945E-03
-.709298E-03
-.109636E-02
-.159512E-02
-.222474E-02
-.300656E-02
-.396169E-02
-.510590E-02
-.644000E-02
-.793322E-02
-.949780E-02
-.109559E-01
-.120074E-01
-.122207E-01
-.110849E-01
-.817674E-02
-.347690E-02
0.230785E-02
0.786999E-02
0.120354E-01
0.143481E-01
0.149976E-01
0.144626E-01
0.132403E-01
0.117219E-01
0.101658E-01
0.871723E-02
0.744240E-02
0.635967E-02
0.546203E-02
0.473123E-02
0.414567E-02
0.368454E-02
0.332964E-02
0.306606E-02
0.288227E-02
0.277009E-02
0.272441E-02
0.274317E-02
0.282722E-02
0.298037E-02
0.320952E-02
0.352477E-02
0.393963E-02
0.447095E-02
0.513862E-02
0.596424E-02
0.696813E-02
0.816332E-02
0.954421E-02
0.110679E-01
0.126261E-01
0.140116E-01
0.148887E-01
0.147962E-01
0.132240E-01
0.981935E-02
0.473181E-02
-.113146E-02
-.641460E-02
-.101033E-01
-.119405E-01
-.122266E-01
-.114650E-01
-.101321E-01
-.858384E-02
-.704586E-02
-.563915E-02
-.441458E-02
-.338202E-02
-.253042E-02
-.184005E-02
-.128926E-02
-.857801E-03
-.528301E-03
-.286746E-03
-.122516E-03
-.282410E-04
0.356796E-06
-.354184E-04
-.137198E-03
-.309597E-03
-.560336E-03
-.900411E-03
-.134421E-02
-.190947E-02
-.261669E-02
-.348751E-02
-.454111E-02
-.578695E-02
-.721177E-02
-.875847E-02
-.102961E-01
-.115857E-01
-.122560E-01
-.118211E-01
-.215378E-02
-.440565E-02
-.685654E-02
-.961237E-02
-.127846E-01
-.164872E-01
-.208269E-01
-.258797E-01
-.316449E-01
-.379573E-01
-.443387E-01
-.497688E-01
-.523874E-01
-.492245E-01
-.362035E-01
-.884836E-02
0.357399E-01
0.950836E-01
0.156152E+00
0.194303E+00
0.187985E+00
0.141109E+00
0.784839E-01
0.222909E-01
-.176819E-01
-.408561E-01
-.508338E-01
-.521148E-01
-.485144E-01
-.426925E-01
-.362573E-01
-.300591E-01
-.244747E-01
-.196143E-01
-.154520E-01
-.119003E-01
-.884911E-02
-.618440E-02
-.379612E-02
-.157980E-02
0.564484E-03
0.273453E-02
0.502893E-02
0.754974E-02
0.104044E-01
0.137056E-01
0.175666E-01
0.220891E-01
0.273348E-01
0.332700E-01
0.396645E-01
0.459227E-01
0.508331E-01
0.522638E-01
0.469325E-01
0.305473E-01
-.120966E-02
-.502702E-01
-.111873E+00
-.169589E+00
-.197356E+00
-.178716E+00
-.125006E+00
-.624139E-01
-.100258E-01
0.253216E-01
0.445845E-01
0.518415E-01
0.515092E-01
0.471118E-01
0.410085E-01
0.345771E-01
0.285182E-01
0.231214E-01
0.184513E-01
0.144600E-01
0.110515E-01
0.811319E-02
0.553187E-02
0.319888E-02
0.101113E-02
-.113049E-02
-.332369E-02
-.566774E-02
-.826601E-02
-.112274E-01
-.146655E-01
-.186922E-01
-.234023E-01
-.288390E-01
-.349290E-01
-.413655E-01
-.474178E-01
-.516615E-01
-.516749E-01
-.438709E-01
-.238074E-01
0.125104E-01
0.657443E-01
0.128464E+00
0.180896E+00
0.196994E+00
0.166917E+00
0.108336E+00
0.471234E-01
-.101354E-02
-.318270E-01
-.474765E-01
-.523259E-01
-.506266E-01
-.455950E-01
-.393044E-01
-.329242E-01
-.270238E-01
-.218187E-01
-.173351E-01
-.135081E-01
-.102348E-01
-.740157E-02
-.489611E-02
-.261126E-02
-.445210E-03
0.170051E-02
0.392375E-02
0.632463E-02
0.900792E-02
0.120840E-01
0.156669E-01
0.198660E-01
0.247669E-01
0.303901E-01
0.366147E-01
0.430437E-01
0.487928E-01
0.522023E-01
0.505474E-01
0.399548E-01
0.159200E-01
-.250309E-01
-.819504E-01
-.144388E+00
-.189576E+00
-.193234E+00
-.153095E+00
-.915548E-01
-.328096E-01
0.108124E-01
0.372657E-01
0.496181E-01
0.523609E-01
0.495187E-01
0.439960E-01
0.375979E-01
0.313072E-01
0.255794E-01
0.205672E-01
0.162655E-01
0.125953E-01
0.944926E-02
0.671330E-02
0.427624E-02
0.203246E-02
-.118721E-03
-.227533E-02
-.453554E-02
-.700051E-02
-.977647E-02
-.129752E-01
-.167105E-01
-.210882E-01
-.261816E-01
-.319836E-01
-.383162E-01
-.446778E-01
-.500098E-01
-.523964E-01
-.488018E-01
-.350996E-01
-.683490E-02
0.387109E-01
0.102372E+00
0.109601E+00
0.122027E+00
0.140233E+00
0.165073E+00
0.197701E+00
0.239622E+00
0.292742E+00
0.359422E+00
0.442528E+00
0.545457E+00
0.672110E+00
0.826784E+00
0.101396E+01
0.123799E+01
0.150271E+01
0.181096E+01
0.216366E+01
0.255764E+01
0.298181E+01
0.341525E+01
0.383311E+01
0.421687E+01
0.455792E+01
0.485449E+01
0.510814E+01
0.532204E+01
0.550020E+01
0.564705E+01
0.576703E+01
0.586437E+01
0.594283E+01
0.600568E+01
0.605563E+01
0.609493E+01
0.612537E+01
0.614836E+01
0.616497E+01
0.617598E+01
0.618190E+01
0.618302E+01
0.617939E+01
0.617083E+01
0.615695E+01
0.613708E+01
0.611031E+01
0.607540E+01
0.603072E+01
0.597427E+01
0.590356E+01
0.581557E+01
0.570678E+01
0.557317E+01
0.541035E+01
0.521386E+01
0.497943E+01
0.470345E+01
0.438344E+01
0.401929E+01
0.361587E+01
0.318687E+01
0.275522E+01
0.234499E+01
0.197202E+01
0.164271E+01
0.135771E+01
0.111490E+01
0.910841E+00
0.741378E+00
0.602047E+00
0.488430E+00
0.396420E+00
0.322373E+00
0.263175E+00
0.216230E+00
0.179425E+00
0.151072E+00
0.129857E+00
0.114791E+00
0.105165E+00
0.100527E+00
0.100659E+00
0.105566E+00
0.115481E+00
0.130868E+00
0.152451E+00
0.181236E+00
0.218558E+00
0.266124E+00
0.326076E+00
0.401034E+00
0.494146E+00
0.609082E+00
0.749971E+00
0.921242E+00
0.112735E+01
0.137243E+01
0.165986E+01
0.199164E+01
0.236693E+01
0.277887E+01
0.321104E+01
0.363915E+01
0.404066E+01
0.440242E+01
0.471994E+01
0.499354E+01
0.522575E+01
0.542025E+01
0.558132E+01
0.571345E+01
0.582098E+01
0.590792E+01
0.597776E+01
0.603350E+01
0.607758E+01
0.611200E+01
0.613836E+01
0.615787E+01
0.617144E+01
0.617972E+01
0.618308E+01
0.618170E+01
0.617550E+01
0.616420E+01
0.614726E+01
0.612389E+01
0.609299E+01
0.605315E+01
0.600254E+01
0.593890E+01
0.585948E+01
0.576099E+01
0.563962E+01
0.549115E+01
0.531111E+01
0.509510E+01
0.483913E+01
0.454011E+01
0.419659E+01
0.381062E+01
0.339132E+01
0.295772E+01
0.253476E+01
0.214289E+01
0.179263E+01
0.148685E+01
0.122448E+01
0.100261E+01
0.817362E+00
0.664365E+00
0.539142E+00
0.437415E+00
0.355307E+00
0.289453E+00
0.237014E+00
0.195656E+00
0.163497E+00
0.139054E+00
0.121189E+00
0.109065E+00
0.102113E+00
0.100006E+00
0.102643E+00
0.110150E+00
0.122879E+00
0.141429E+00
0.166667E+00
0.199768E+00
0.242258E+00
0.296064E+00
0.363575E+00
0.447688E+00
0.551828E+00
0.679921E+00
0.836282E+00
0.102539E+01
0.125159E+01
0.151866E+01
0.182938E+01
0.158775E+00
0.325031E+00
0.506580E+00
0.711896E+00
0.950458E+00
0.123308E+01
0.157223E+01
0.198218E+01
0.247904E+01
0.308025E+01
0.380342E+01
0.466411E+01
0.567261E+01
0.683025E+01
0.812660E+01
0.953753E+01
0.110187E+02
0.124795E+02
0.137257E+02
0.144327E+02
0.143184E+02
0.134341E+02
0.121043E+02
0.106247E+02
0.915596E+01
0.777203E+01
0.651055E+01
0.539178E+01
0.442285E+01
0.359975E+01
0.291042E+01
0.233848E+01
0.186621E+01
0.147645E+01
0.115353E+01
0.883678E+00
0.654883E+00
0.456715E+00
0.279994E+00
0.116454E+00
-.415991E-01
-.201613E+00
-.371123E+00
-.558084E+00
-.771202E+00
-.102028E+01
-.131653E+01
-.167290E+01
-.210415E+01
-.262682E+01
-.325853E+01
-.401663E+01
-.491562E+01
-.596379E+01
-.715957E+01
-.848912E+01
-.992408E+01
-.114117E+02
-.128404E+02
-.139795E+02
-.144876E+02
-.141488E+02
-.131120E+02
-.117197E+02
-.102321E+02
-.878060E+01
-.742620E+01
-.620097E+01
-.512154E+01
-.419188E+01
-.340548E+01
-.274882E+01
-.220491E+01
-.175603E+01
-.138534E+01
-.107769E+01
-.819769E+00
-.600011E+00
-.408350E+00
-.235880E+00
-.745176E-01
0.833323E-01
0.245110E+00
0.418429E+00
0.611410E+00
0.833014E+00
0.109339E+01
0.140418E+01
0.177879E+01
0.223250E+01
0.278222E+01
0.344567E+01
0.423973E+01
0.517764E+01
0.626539E+01
0.749836E+01
0.885918E+01
0.103147E+02
0.118013E+02
0.131821E+02
0.141889E+02
0.144811E+02
0.139295E+02
0.127658E+02
0.113291E+02
0.984222E+01
0.841206E+01
0.708936E+01
0.590154E+01
0.486174E+01
0.397087E+01
0.322023E+01
0.259504E+01
0.207792E+01
0.165125E+01
0.129860E+01
0.100529E+01
0.758498E+00
0.547081E+00
0.361310E+00
0.192531E+00
0.328219E-01
-.125340E+00
-.289409E+00
-.467100E+00
-.666721E+00
-.897515E+00
-.116999E+01
-.149625E+01
-.189018E+01
-.236753E+01
-.294554E+01
-.364191E+01
-.447287E+01
-.545012E+01
-.657714E+01
-.784610E+01
-.923594E+01
-.107078E+02
-.121844E+02
-.134984E+02
-.143473E+02
-.144134E+02
-.136671E+02
-.124014E+02
-.109356E+02
-.945661E+01
-.805114E+01
-.676202E+01
-.561252E+01
-.461238E+01
-.375968E+01
-.304374E+01
-.244881E+01
-.195723E+01
-.155163E+01
-.121599E+01
-.936132E+00
-.699692E+00
-.495938E+00
-.315458E+00
-.149820E+00
0.875745E-02
0.167748E+00
0.334642E+00
0.517279E+00
0.724179E+00
0.964889E+00
0.125031E+01
0.159299E+01
0.200733E+01
0.250952E+01
0.311705E+01
0.384747E+01
0.471616E+01
0.573300E+01
0.689874E+01
0.820222E+01
0.961847E+01
0.111016E+02
