-0.15233E+02
 0.29480E+02
 0.17060E+02
 0.14447E+02
 0.12762E+02
 0.50934E+01
-0.13668E+02
 0.16290E+02
-0.37696E+01
-0.20655E+02
-0.18479E+02
 0.54533E+02
-0.34174E+02
 0.13975E+01
-0.27546E+02
-0.34567E+01
-0.12040E+02
-0.31239E+02
-0.77773E+01
 0.13086E+02
-0.14009E+02
-0.16524E+02
 0.22648E+02
-0.46603E+01
-0.46878E+01
 0.28055E+02
 0.65374E+01
 0.12271E+01
-0.37811E+01
 0.84997E+01
-0.14922E+02
-0.34422E+02
-0.34315E+02
 0.20460E+01
-0.25717E+02
 0.12216E+02
-0.75564E+01
 0.51498E+02
-0.91506E+01
-0.12907E+02
 0.23278E+00
-0.28689E+02
 0.34975E+02
 0.32918E+01
 0.18364E+02
 0.51824E+00
 0.15907E+02
-0.27541E+02
-0.18127E+02
 0.24592E+02
-0.91548E+01
-0.11750E+02
 0.46040E+01
-0.51261E+01
 0.23875E+02
 0.37310E+02
-0.26378E+02
-0.17150E+02
 0.59462E+01
-0.30809E+02
 0.10327E+02
 0.20845E+02
 0.49952E+02
 0.12901E+02
-0.89680E+01
-0.14438E+02
-0.10970E+02
 0.22632E+02
-0.27335E+02
-0.27701E+02
-0.32561E+02
 0.15515E+02
-0.22100E+02
 0.15209E+02
-0.13176E+02
 0.21369E+01
 0.14940E+02
 0.19585E+01
 0.58921E+01
 0.22949E+02
 0.53710E+01
 0.17561E+02
-0.20360E+02
-0.39196E+02
 0.18550E+01
 0.24623E+02
 0.13395E+02
 0.56461E+01
-0.40100E+02
 0.23516E+02
-0.51410E+01
-0.31916E+01
 0.14263E+02
-0.24280E+02
-0.46865E+02
-0.41000E+02
-0.83669E+01
-0.55368E+01
-0.25421E+02
-0.19278E+02
